酒泉子 4 7 7 5 7 7 7 5
苏幕遮 3 3 4 5 7 4 5 3 3 4 5 7 4 5
渔家傲 7 7 7 3 7 7 7 7 3 7
御街行 7 3 3 7 6 4 4 5 7 3 3 7 6 4 4 5
剔银灯 6 3 2 2 4 4 6 5 3 4 6 3 4 4 4 6 5 3 4
定风波 7 7 6 3 7 7 7 7 3 7
黄莺儿 7 4 4 4 4 6 5 6 4 4 2 5 5 4 4 6 6 5 6 5
玉女摇仙佩 4 4 6 4 4 6 5 5 4 3 4 8 5 4 4 6 4 6 4 4 6 5 3 6 3 4 4 4 3 7
雪梅香 3 7 5 6 7 7 3 4 4 2 3 4 4 4 6 7 7 3 3 5
尾犯 5 4 4 4 5 3 4 3 4 4 4 5 5 6 4 5 3 4 3 4 4 7
早梅芳 3 3 7 4 4 6 4 4 5 4 4 5 3 6 5 4 4 6 4 4 3 4 4 5
斗百花 6 6 6 6 4 6 6 5 4 4 6 4 6 4 6 6
甘草子 2 4 5 5 5 7 3 4 7 5
送征衣 3 4 4 6 3 3 2 3 4 4 3 4 3 3 3 4 5 6 3 3 6 4 2 3 4 4 3 4 3 3 3 4 5
昼夜乐 7 3 3 6 6 7 3 4 5 5 7 3 3 6 6 7 3 4 5 5
柳腰轻 7 3 3 4 4 6 3 4 3 4 6 3 4 4 4 6 3 4 3 4
西江月 6 6 7 6 6 6 7 6
倾杯乐 4 4 4 3 4 4 4 7 4 6 4 6 3 4 8 7 6 3 4 3 4 3 3 4
笛家弄 4 4 4 7 4 4 4 4 4 4 5 3 3 4 4 2 4 4 4 4 4 2 6 6 4 4 5 3 3 4 4
迎新春 5 6 5 3 3 3 4 3 6 5 3 4 4 4 3 6 7 3 4 3 7 4 4 6
曲玉管 4 4 7 6 4 3 4 4 7 4 6 3 4 3 4 6 6 3 5 6 4 4 4
满朝欢 4 4 6 6 4 4 5 4 4 4 4 6 4 6 4 6 4 4 6 6 6
梦还京 6 5 4 4 4 6 3 4 7 3 4 3 6 3 7 4 6
凤衔杯 7 3 4 5 7 3 3 3 3 3 4 5 7 3 3
鹤冲天 4 5 5 3 5 3 3 5 4 6 7 5 3 5 3 3 5 4 6
受恩深 5 5 7 5 7 5 5 4 7 4 6 5 7 5 5 4
看花回 7 4 7 3 4 5 4 7 4 7 6 5 4
柳初新 7 3 3 4 4 6 6 3 4 6 3 4 4 4 6 3 4 3 4
两同心 4 4 3 4 3 4 3 4 4 6 4 3 4 3 4 3 4 4
女冠子 4 3 3 3 4 4 4 4 6 7 4 4 4 4 6 7 4 3 4 5 6 7 4 4 4
玉楼春 7 7 7 7 7 7 7 7
金蕉叶 7 3 4 4 7 6 7 3 4 6 5 6
惜春郎 7 5 4 4 4 7 5 3 4 6
传华枝 4 4 3 5 3 3 4 3 3 4 3 4 4 5 7 3 5 3 3 4 6 4 3 4 3 4
雨霖铃 4 4 4 6 3 4 6 5 3 4 7 7 3 5 6 3 4 4 4 4 3 4 5
尉迟杯 3 8 6 6 4 3 5 3 4 6 6 3 6 4 4 6 3 4 3 5 3 4 6
慢卷绸 4 4 5 5 4 4 4 4 4 5 5 4 4 4 3 5 5 6 6 4 4 5 5 4 4
征部乐 4 7 3 4 3 4 3 3 6 3 4 7 4 4 6 3 4 4 5 5 3 4 3 4 5
佳人醉 6 6 5 4 4 6 5 3 4 4 6 5 3 4 6
迷仙引 4 4 4 4 6 3 3 5 3 6 4 5 5 4 7 3 4 5 4
归朝欢 7 7 7 7 5 7 3 4 5 7 7 7 7 5 7 3 4 5
采莲令 3 5 3 4 7 5 3 4 4 6 4 7 3 4 4 3 5 3 4 4 6
秋夜月 4 3 6 3 7 3 3 6 6 4 5 5 6 4 4 5 4 4
巫山一段云 5 5 7 5 6 6 7 5
婆罗门令 3 4 3 5 4 3 3 3 5 3 3 3 5 7 3 5 4 4 4 7 5
法曲献仙音 6 4 4 5 3 6 5 5 3 3 5 7 5 6 4 3 4 3 4 6
西平乐 5 5 6 6 6 4 6 3 3 3 6 6 5 3 4 4 4 3 3 6 4 6
凤栖梧 7 4 5 7 7 7 4 5 7 7
法曲第二 4 4 6 5 5 4 3 7 3 3 5 7 5 4 4 3 4 3 4 4
愁蕊香引 3 4 4 3 3 7 5 3 6 3 4 5 3 3 4
一寸金 4 7 3 4 4 6 5 3 4 3 4 7 4 4 5 3 4 6 4 5 3 4 3 4 5
永遇乐 4 4 4 4 4 5 4 4 6 5 4 4 4 4 6 4 4 4 6 4 4 3 4 4
卜算子 4 4 6 4 6 3 5 3 4 6 5 5 4 4 6 3 5 3 4 5
鹊桥仙 3 3 6 3 7 6 5 3 5 4 6 3 4 3 6 6 5 4 5
浪淘沙 2 5 4 4 4 4 3 5 3 4 3 4 6 2 4 4 6 5 5 4 4 5 4 4 4 6 3 5 5 5 4 5
夏云峰 3 3 6 6 4 4 3 4 3 4 4 6 3 6 6 4 4 3 4 3 4 4
浪淘沙令 4 4 7 7 4 4 4 7 7 4
荔枝香 6 3 6 5 6 5 2 7 3 3 3 4 6 4 7 6
古倾杯 4 4 5 4 4 6 6 4 4 4 4 6 3 4 3 4 5 4 5 6 3 4 4 4 4
倾杯 4 4 6 5 6 4 3 6 5 4 4 7 3 4 5 4 4 4 5 5 3 4 4 7
破阵乐 4 4 4 6 7 4 4 4 3 5 5 4 4 4 4 2 4 4 3 3 7 6 3 3 4 6 4 4 4 6 4
双声子 4 4 6 4 4 6 4 3 4 3 3 6 3 5 6 4 4 6 5 3 4 6 6
阳台路 3 5 4 3 4 6 5 4 4 3 3 6 6 3 4 4 3 4 3 4 6 3 3 4
内家娇 4 4 6 4 4 6 6 6 3 6 4 2 5 6 5 5 4 6 6 3 4 6
二郎神 3 3 4 7 4 4 7 3 4 3 4 6 2 4 4 3 5 3 4 7 3 4 5 4 4
醉蓬莱 5 4 4 4 5 4 4 5 4 4 4 4 4 4 4 4 5 4 4 5 4 4 4
宣清 4 4 6 3 4 3 4 4 4 4 3 3 6 5 4 5 5 4 4 6 3 4 3 4 4 5 3 4
锦堂春 4 4 6 5 4 7 6 5 4 4 6 5 4 5 4 3 4 3 4 3 4 6
诉衷情近 4 6 6 6 6 4 5 3 6 4 5 3 4 4 4 5
留客住 3 3 4 4 6 6 4 5 4 5 4 3 4 4 4 6 6 4 5 4 3 6
迎春乐 7 3 3 3 5 6 3 5 3 4 6 5
隔帘听 6 5 7 5 4 3 3 4 3 4 5 7 3 6 3 6
凤归云 3 4 4 4 4 4 4 3 5 4 3 5 6 4 3 4 4 4 4 4 4 4 4 4 4 3 6 6 4
抛球乐 6 4 3 4 4 4 3 4 3 4 6 4 5 5 4 4 4 5 3 5 5 4 4 6 3 5 3 3 6 4 3 4 4 4 7 5 6 6 5 3 5 5 4
集贤宾 7 4 6 4 6 6 7 3 4 6 5 7 5 6 4 6 6 3 4 3 4 6 5
殢人娇 4 6 3 4 4 4 3 6 4 4 3 4 4 5 3 6
思归乐 7 3 4 7 3 4 7 3 4 7 3 4
应天长 4 5 4 4 6 5 3 4 3 4 4 5 5 4 4 6 5 3 4 3 4 4
合欢带 3 4 3 3 7 3 4 4 4 4 3 6 4 4 4 6 7 3 4 4 4 4 3 4 6
少年游 7 5 4 4 5 7 5 4 4 5
长相思 4 4 6 6 4 4 4 5 4 4 3 4 5 6 4 4 4 4 4 3 4 3 4 6
木兰花 7 7 7 7 7 7 7 7
驻马听 4 3 6 4 4 6 3 3 4 4 4 4 6 6 5 4 6 6 3 4 4
诉衷情 7 5 6 5 3 3 3 4 4 4
戚氏 3 7 4 7 2 3 7 6 7 4 4 6 5 4 4 6 4 5 3 4 4 3 4 4 4 4 4 6 5 4 4 6 3 5 6 4 5 3 5 3 4 3 4 3 5 4 4 4
轮台子 6 3 4 6 6 6 3 5 5 7 6 3 4 3 5 4 5 4 5 5 3 4 3 4 5
引驾行 4 7 3 3 6 2 5 7 3 4 3 3 2 4 6 5 4 4 2 5 7 3 4 4
望远行 4 3 6 4 4 6 4 4 4 4 3 7 2 6 3 4 3 4 6 6 6 4 3 5
彩云归 7 3 4 3 5 3 4 3 4 5 6 4 2 4 3 4 4 4 4 3 4 6 3 4 4
洞仙歌 5 5 4 5 4 7 3 5 3 5 5 2 4 4 4 6 6 7 8 3 3 7 3 6 5 7
离别难 6 5 3 4 3 5 3 4 4 4 3 6 5 3 3 3 4 7 8 3 4 4 4 3 6 5
击梧桐 4 4 6 4 4 6 6 4 4 4 4 6 4 4 6 3 4 6 6 7 3 4 5
夜半乐 6 4 5 5 4 4 4 6 4 3 5 6 4 4 3 6 4 4 6 4 3 5 4 4 4 8 3 7 3 5 7
祭天神 8 3 7 6 5 7 3 3 3 3 5 3 3 5 3 4 4 4 5
过涧歇近 2 3 6 6 3 6 5 3 7 4 7 4 5 4 4 4 7
安公子 5 6 6 5 5 6 6 5 6 4 4 7 5 4 6
菊花新 7 7 5 3 4 7 3 4 5 3 4
望汉月 6 6 7 3 4 5 6 7 3 4
归去来 6 5 7 3 3 5 3 4 7 3 3
燕归梁 7 4 7 3 3 7 3 3 7 3 3
八六子 3 4 6 3 4 6 7 6 6 6 3 6 6 4 6 6 3 6
长寿乐 4 3 6 4 4 6 5 7 3 6 3 6 3 3 6 6 4 4 5 7 3 6 3 6
望海潮 4 4 6 4 4 6 5 5 4 4 7 6 5 4 4 4 6 5 5 4 6 5
如鱼水 4 4 6 4 6 3 3 4 3 4 7 3 3 5 4 6 3 3 4 3 6 5
玉蝴蝶 6 4 4 4 6 3 4 3 4 3 4 4 2 4 4 4 4 7 3 4 3 4 3 4 4
满江红 4 3 4 3 4 4 7 7 3 5 3 3 3 3 3 5 4 7 7 3 5 3
八声甘州 3 5 5 5 4 4 6 5 5 4 6 5 4 5 5 3 4 3 5 3 4 4
临江仙 5 4 4 3 6 2 4 3 4 3 5 4 2 4 6 3 6 2 4 3 4 3 5 4
竹马子 5 4 4 5 4 4 6 4 4 5 3 6 5 4 4 6 6 6 4 5 4 5
小镇西 5 4 3 4 3 3 4 4 4 4 3 5 4 7 3 5 4 4 6
小镇西犯 5 4 3 4 6 4 3 5 3 5 4 3 4 6 4 3 5
迷神引 7 6 4 4 3 3 3 5 3 5 3 4 5 4 3 4 3 3 3 3 3 5 3 5 3
促拍满路花 5 5 7 4 5 5 6 4 6 5 7 4 5 5 4 6
六么令 4 5 6 5 6 5 4 4 7 6 5 6 5 6 5 4 4 7
红窗听 7 3 4 7 5 7 3 4 4 4 5
玉山枕 4 3 3 4 4 4 4 7 3 4 3 4 3 5 7 3 3 4 4 4 4 7 3 4 3 4 3 5
减字木兰花 4 7 4 7 4 7 4 7
木兰花令 7 7 7 7 7 7 7 7
甘州令 3 3 4 3 4 3 3 4 3 3 3 4 4 4 3 4 3 3 4 3 3 3 4
西施 7 5 4 5 6 3 5 7 6 3 7 6 3 5
河传 4 4 4 4 6 5 7 3 5 6 4 5
郭郎儿近拍 2 6 7 2 4 6 7 2 4 6 4 4 5 3 4 7
透碧霄 3 7 4 4 4 4 4 4 3 4 5 4 4 5 4 5 3 3 6 4 4 4 3 4 5 4 4
木兰花慢 5 3 3 5 4 4 2 4 8 6 6 2 4 3 3 5 4 4 2 4 8 6 6
临江仙引 2 2 3 3 6 5 5 4 4 5 7 6 5 5 6 6
瑞鹧鸪 4 3 6 4 4 6 5 3 4 4 5 5 4 3 6 6 5 3 4 4
忆帝京 6 6 5 5 5 5 3 4 3 4 4 4 7 5 5
塞孤 3 5 6 7 3 3 3 3 3 3 4 4 5 5 6 7 3 3 3 3 3 3 3 4
鹧鸪天 7 7 7 7 3 3 7 7 7
梁州令 5 6 7 4 5 7 5 7 4 5
清平乐 4 5 7 6 7 6 0 6
醉垂鞭 5 3 3 5 5 5 3 3 5 5
南乡子 5 7 7 2 7 5 7 7 2 7
菩萨蛮 7 7 5 5 5 5 5 5
踏莎行 4 4 7 7 7 4 4 7 7 7
感皇恩 7 5 3 7 3 5 5 5 3 7 3 5
庆金枝 5 3 3 7 5 7 3 3 7 5
浣溪沙 7 7 7 7 7 7
相思儿令 5 5 6 5 5 3 4 7 5
师师令 4 5 7 3 4 7 5 7 5 7 3 4 7 5
山亭宴慢 7 3 4 5 3 4 7 3 4 5 3 3 7 3 4 5 3 4 7 3 4 5 3 3
谢池春慢 4 3 3 5 5 5 5 3 3 4 5 4 3 3 5 5 5 5 3 3 4 5
惜双双 7 3 4 6 7 7 3 4 6 7
江南柳 3 5 7 7 5 3 5 7 7 5
八宝妆 7 3 3 5 4 4 7 3 3 5 4 4
一丛花令 7 5 7 3 4 4 4 5 7 5 7 3 4 4 4 5
宴春台慢 4 4 6 4 6 6 3 4 4 4 4 4 4 4 4 4 6 4 3 5 2 5 4
好事近 5 6 6 5 7 5 6 5
醉桃源 7 5 7 5 3 3 5 7 5
恨春迟 6 3 4 5 5 5 7 3 4 6 4 6
庆佳节 3 3 3 3 7 3 3 7 6 7 3 3
采桑子 7 4 4 7 7 4 4 7
玉联环 7 4 7 3 3 6 4 7 3 3
武陵春 7 5 7 5 7 5 7 5
百媚娘 6 6 7 6 8 5 6 6 7 6 7 5
梦仙乡 4 4 3 4 5 5 6 4 3 4 5 5
相思令 3 3 7 5 3 3 7 5
贺圣朝 7 5 7 4 4 4 4 4 4 4
生查子 5 5 5 5 5 5 5 5
夜厌厌 6 3 4 7 3 4 7 3 4 7 3 4
双燕儿 6 3 3 4 4 4 7 3 4 4 4 4
卜算子慢 4 4 6 4 6 8 5 8 5 5 4 4 6 3 5 7 5
更漏子 3 3 6 3 3 5 3 3 6 3 3 5
南歌子 5 5 7 5 3 3 5 7 6 3
蝶恋花 7 4 5 7 7 7 4 5 7 7
醉落魄 4 7 7 4 5 7 7 7 4 5
喜朝天 3 5 4 4 4 4 6 3 5 3 4 4 6 5 4 4 4 4 6 3 5 3 4 4
虞美人 7 5 7 6 3 7 5 7 6 3
醉红妆 7 3 3 7 3 3 7 3 3 7 3 3
天仙子 7 7 7 3 3 7 7 7 7 3 3 7
怨春风 4 7 7 4 5 7 7 7 4 5
于飞乐令 3 3 4 3 4 3 3 4 4 3 4 3 4 3 4 5 5 4 3 4
江城子 7 3 3 4 5 7 3 3
转声虞美人 7 6 6 5 7 6 6 5
定西番 6 3 3 6 3 6 4 6 3
偷声木兰花 7 7 4 7 7 7 4 7
千秋岁 4 5 7 5 5 3 7 5 5 3 3 5 5 3 7
定风波令 7 7 7 2 7 7 1 7 7 2 7
离亭宴 5 3 4 7 6 6 6 6 3 4 7 3 4 5 3 4
沁园春 4 4 4 5 4 4 4 4 4 8 3 5 4 2 4 3 5 5 4 4 4 4 4 7 3 5 4
忆秦娥 3 5 3 7 3 5 5 3 7
系裙腰 7 3 3 7 4 3 3 7 3 3 7 4 4 3
庆春泽 6 5 4 5 4 4 5 6 5 4 5 4 4 5
玉树后庭花 7 4 6 5 7 4 6 5
双韵子 7 5 6 3 3 3 3 3 4 6 3 3
望江南 3 5 7 7 5 3 5 7 7 5
少年游慢 5 6 4 4 8 5 4 6 5 6 4 4 3 5 5 4 6
翦牡丹 4 4 6 4 5 6 4 6 4 5 6 3 4 5 8 7 4 5 2 5 4
画堂春 7 6 7 5 6 6 7 5
芳草渡 7 3 3 7 3 3 3 3 3 3 3 7 3 3 3
行香子 4 4 3 4 4 4 4 3 3 4 4 3 4 4 4 4 3 3
熙州慢 3 5 4 4 5 4 6 6 4 4 4 6 3 6 4 6 6 7 3 6
泛青苕 4 5 4 3 3 3 4 7 3 4 4 3 6 6 5 4 3 3 3 4 7 3 4 4 5 4
惜琼花 3 3 5 4 7 4 4 3 3 5 4 7 4 4
河满子 6 6 7 6 6 6 6 6 7 6 6 6
劝金船 7 5 7 5 5 3 4 4 6 7 5 7 5 5 3 4 6 4
庆同天 2 2 4 4 4 6 3 7 3 5 4 6 3
雨中花令 7 3 4 3 5 3 4 3 5 3 5 4 5 3 4
汉宫春 4 5 4 4 6 4 3 4 3 4 6 6 5 4 4 6 4 3 4 3 4 6
青门引 5 6 7 4 5 7 5 6 7
塞垣春 5 3 3 4 4 4 3 5 3 3 3 3 6 5 3 4 5 5 5 4 6 5 5
碧牡丹 5 3 3 4 6 4 5 3 3 3 5 6 4 6 4 5 3 3
山亭宴 7 3 4 5 3 4 5 3 4 5 3 3 7 3 4 5 3 4 7 3 4 5 3 3
谒金门 3 6 7 5 6 6 7 5
破阵子 6 6 7 7 5 6 6 7 7 5
鹊踏枝 7 4 5 7 7 7 4 5 7 7
点绛唇 4 7 4 5 4 5 3 4 5
喜迁莺 3 4 5 7 5 3 3 6 7 5
撼庭秋 6 5 4 4 4 4 4 4 5 4 4
胡捣练 7 6 6 5 7 6 6 5
雨中花 6 6 7 5 7 3 4 3 5 5
望仙门 7 3 7 3 5 6 7 3 5
长生乐 7 5 4 5 6 4 4 6 4 4 6 3 5 6 5
拂霓裳 3 7 3 7 5 5 3 3 5 4 3 3 3 7 5 5 3 5 3
秋蕊香 6 6 7 6 7 3 7 6
滴滴金 7 3 3 7 5 7 3 3 7 5
山亭柳 4 5 3 3 6 6 6 4 7 7 3 3 6 6 6 4
睿恩新 7 3 4 3 4 3 4 6 3 4 3 4 3 4
玉堂春 4 6 4 4 4 5 7 6 5 4 5 7
连理枝 5 5 4 4 4 8 5 5 5 4 4 4 8 5
朝中措 7 5 6 6 4 4 4 6 6
阮郎归 7 5 7 5 3 3 5 6 5
桃源忆故人 7 6 6 5 7 6 6 5
圣无忧 5 6 7 5 6 6 7 5
蓦山溪 4 5 5 3 4 4 5 3 3 5 4 5 5 3 4 4 5 3 3 5
御带花 7 6 4 5 4 4 3 4 3 4 5 5 5 4 4 5 4 4 3 4 3 4 5
夜行船 6 3 4 7 3 4 7 3 4 7 3 4
洛阳春 7 5 7 5 7 5 7 3 3
越溪春 7 5 7 3 4 4 4 4 6 5 8 6 7 5
贺圣朝影 7 3 7 3 7 3 7 3
洞天春 6 6 7 5 6 6 4 4 4
忆汉月 6 6 7 6 5 3 4 7 6
凉州令 5 6 7 4 5 7 5 6 7 5 6 7 4 5 7 5 7 7
摸鱼儿 3 5 6 8 6 3 5 5 4 5 4 5 3 6 6 5 7 6 7 4 5 4 5
于飞乐 3 3 4 3 4 3 3 4 4 3 4 3 4 3 4 5 5 4 3 4
鼓笛慢 6 7 4 4 4 4 4 4 3 6 3 3 6 3 4 4 4 4 4 4 4 3 6 4
一斛珠 4 7 7 4 5 7 7 7 4 5
惜芳时 7 3 4 7 3 4 7 3 4 7 3 4
洞仙歌令 4 5 7 3 4 3 6 5 4 7 3 3 4 3 4 3 5 5 4
品令 3 3 6 3 5 5 6 5 5 3 3 3
锦香囊 7 5 3 4 3 4 7 5 3 4 3 4
怨春郎 3 3 6 7 10 3 3 7 8 10
感庭秋 7 4 5 8 4 4 5 5 7
满路花 5 5 5 3 4 5 4 4 6 7 5 3 4 4 5 5 4 6
好女儿令 4 4 9 4 4 4 6 3 3 7 5 4 4
盐角儿 4 4 4 4 4 4 3 3 3 4 3 4 6
踏莎行慢 5 5 4 4 5 3 3 3 7 4 4 4 7 3 3 3 3 3 3 7
蕙香囊 4 4 6 7 3 4 4 4 6 7 3 4
一落索 7 5 7 3 3 6 5 7 3 3
玉阑干 7 7 7 3 4 7 3 4 7 3 4
惜春令 7 3 4 7 5 5 3 4 7 5
端正好 7 3 4 7 3 3 7 3 4 7 3 3
丑奴儿 7 4 4 7 7 4 4 7
杜韦娘 4 7 8 3 4 5 4 7 3 4 4 3 4 7 3 5 3 4 3 4 4 5 3 4 4
采明珠 3 4 6 5 5 5 3 4 4 4 6 3 3 5 3 4 4 5 3 4 6 4 4
朝玉阶 7 5 3 7 5 3 7 4 3 7 4 4
胡捣练令 7 6 6 5 7 6 6 5
桂枝香 4 5 4 6 4 7 3 4 4 4 4 3 4 5 4 4 6 7 3 4 4 8
泛清波摘遍 4 4 7 4 7 3 4 4 7 4 7 3 6 6 6 4 3 6 6 6 4
归田乐 5 3 4 5 5 4 7 5 3 6 4 5 5 4 7
愁倚阑令 3 3 3 7 3 6 3 4 7 3
好女儿 4 4 3 5 5 4 4 6 3 3 3 5 5 4 4
满庭芳 4 4 6 4 5 6 3 4 3 4 5 5 4 4 3 6 6 3 4 3 4 5
留春令 4 4 4 7 3 3 7 5 7 3 3
风入松 7 4 7 3 4 6 6 7 4 7 3 4 6 6
清商怨 6 5 4 5 6 3 4 4 5
思远人 7 5 4 4 5 7 5 5 4 5
望仙楼 7 6 6 5 6 6 6 5
凤孤飞 6 5 5 3 3 7 3 4 7 5
解佩令 4 4 3 4 4 3 4 3 4 4 4 3 4 4 3 4 3 4
庆春时 4 4 4 4 4 5 4 6 4 4 5
喜团圆 4 4 4 7 5 4 4 4 4 4 4
忆闷令 7 5 6 5 7 5 3 4 5
江神子 7 3 3 4 5 7 3 3 7 3 3 4 5 7 3 3
卖花声 5 4 7 7 4 5 4 7 7 4
水龙吟 2 3 7 4 4 4 4 5 4 8 3 3 2 10 4 6 9 5 2 16 7 8 5 4 9 4 6 9 4 9 7 3 4 6 6 7 4 4 4 4 4 4 5 4 3 3 6 3 4 4 4 4 4 4 4 5 4 4
水调歌头 5 5 4 7 6 6 5 5 5 3 3 3 4 7 6 6 5 5 5
念奴娇 4 3 6 4 3 6 4 4 5 4 6 6 5 4 4 3 6 4 5 4 4 6
一丛花 7 5 7 3 4 4 4 5 7 5 7 3 4 4 4 5
十拍子 6 6 7 7 5 6 6 7 7 5
昭君怨 6 6 5 3 6 6 5 3
贺新郎 5 3 4 4 7 6 3 4 7 3 5 3 3 7 3 4 4 7 6 3 4 7 7 3 3
三部乐 4 5 4 4 6 6 5 4 4 6 6 5 4 6 4 3 4 3 4 4 3 4
翻香令 7 7 3 3 3 5 7 7 3 3 3 5
乌夜啼 6 6 7 5 6 6 7 5
哨遍 4 4 5 3 5 7 3 6 7 5 4 6 8 8 4 4 4 1 4 7 5 6 5 4 7 5 4 6 8 8 3 4 6 5 8 6 7 3 4
华清引 7 4 6 5 7 6 5 5
如梦令 6 6 5 6 2 2 6
阳关曲 7 7 7 7
双荷叶 3 7 3 4 4 7 7 3 4 4
皂罗特髻 4 5 4 4 5 3 4 3 5 4 5 2 4 5 3 4 3 5 4 5
调笑令 2 2 6 6 6 2 6
荷华媚 5 3 6 5 4 5 3 5 5 4 3 3 5 4
青玉案 7 3 3 7 4 4 5 7 7 7 4 4 5
占春芳 3 3 5 6 6 5 3 4 7 4
祝英台近 3 3 5 4 5 6 4 3 4 3 6 5 4 5 6 4 3 4
雨中花慢 6 4 4 6 4 4 4 4 4 4 4 4 4 6 3 4 4 6 6 4 4 4
渔父 3 3 6 7 6
醉翁操 4 5 5 11 5 4 4 5 7 8 5 6 8 10 5 8 4 5 5 5 9 4 6 4 11 2 2 2 3 2 7 6 3 5 7 4 4 4 4 6 6 6 5 5 5 7
谢池春 4 3 3 5 5 5 5 3 3 4 5 4 3 3 5 5 5 5 3 3 4 5
怨三三 7 4 7 3 3 6 3 4 5 4 4
春光好 3 3 3 7 3 6 6 7 3
天门谣 5 3 4 3 5 5 3 7 3 3 4
散天花 7 5 3 7 5 3 7 5 3 7 5 3
醉花阴 7 5 5 4 5 7 5 5 4 5
转调丑奴儿 5 3 4 7 4 4 4 5 3 4 7 4 4 4
绣带子 5 5 6 5 5 3 4 4 4 4
撼庭竹 7 5 7 7 5 5 7 5 7 7 5 5
拨棹子 3 3 7 3 4 3 7 3 3 3 5 3 4 5 5
调笑歌 2 3 7 7 6 7 6
步蟾宫 7 3 4 3 5 3 4 7 3 4 3 3 3 3 4
南柯子 5 5 7 6 3 5 5 7 6 3
惜余欢 4 5 4 5 5 7 3 5 4 4 4 6 5 4 5 5 4 4 3 5 4 4 4
逍遥乐 6 4 6 4 4 6 4 3 4 4 5 4 6 6 5 3 3 5 6 2 4 4
离亭燕 6 6 7 6 5 6 6 6 7 6 5 6
归田乐引 5 3 4 5 5 4 7 5 7 4 5 5 4 7
归田乐令 3 8 3 3 3 5 3 3 5 4 2
鼓笛令 7 3 4 7 3 4 6 6 7 3 4
好儿女 5 5 6 5 5 3 4 7 5
少年心 6 3 4 6 4 3 4 6 3 4 5 4 3 5
喝火令 5 5 7 6 5 5 5 7 4 5 6 5
宴桃源 6 6 6 6 2 2 6
雪花飞 6 6 6 4 5 5 6 4
下水船 5 6 4 6 3 6 6 3 5 6 4 6 3 6 6
望江东 7 3 3 7 3 3 7 3 3 7 3 3
绿头鸭 3 6 3 4 6 3 4 3 4 4 4 7 3 4 5 3 4 4 3 4 6 3 4 3 4 4 4 7 3 4 5 3 4 4
上林春 4 4 6 4 4 6 4 3 5 3 3 6 7 5 4 4 4 6 4 3 4 3 3 4
玉楼宴 4 3 3 3 5 5 4 5 3 4 4 4 4 6 5 4 5 5 4 5 3 4 6 5
金人捧露盘 6 4 4 5 3 6 4 4 5 3 3 5 4 3 6 4 2 5 5 4 5 3 6 4 4 5 6 5 4 3 7
金盏倒垂莲 4 5 4 4 5 3 4 6 6 4 6 5 4 4 5 3 4 6 6 4
百宝装 4 4 6 4 5 7 3 5 5 4 4 6 4 6 4 5 7 3 5 3 4 6
玉胡蝶 6 4 4 4 6 3 4 3 4 3 4 4 2 4 4 4 4 7 3 4 3 4 3 4 4
金盏子 4 5 4 4 5 4 6 5 3 6 4 2 4 8 6 3 6 6 5 3 4 4
庆寿光 4 4 6 4 6 6 6 3 4 6 4 4 4 4 6 4 6 3 4 3 4 6
黄鹂绕碧树 4 4 6 4 5 4 4 3 4 4 5 4 6 3 4 4 4 4 6 3 4 6 4
春晴 4 4 6 4 6 4 6 6 4 6 5 4 4 6 4 6 4 4
脱银袍 4 6 3 4 4 5 3 4 4 4 3 4 4 5 3 4
小重山 7 5 3 7 3 5 5 5 3 7 3 5
玉叶重黄 7 3 4 6 6 3 4 3 5 6 6
并蒂芙蓉 4 5 4 5 5 6 7 4 3 6 6 5 4 5 5 6 7 4 3 4
寿星明 4 5 4 4 4 6 5 6 4 4 4 6 3 6 4 4 6 5 6 6 4
黄河清 7 6 6 4 6 3 4 6 3 4 6 5 4 4 6 6 3 4 4 3 4
舜韶新 4 3 6 4 6 6 3 4 3 4 6 6 3 6 4 6 6 3 4 3 4 6
吴音子 5 3 4 3 4 2 4 7 7 3 4 4 7 3 4 7 3 8 4 4 5 6
遍地花 7 3 4 3 4 3 4 3 4 3 4 3 4 3 4
调笑转踏 4 4 4 7 7 7 7 7 7 7 7 2 3 7 7 6 7 6 7 7 7 7 7 7 7 7 2 3 7 7 6 7 6 7 7 7 7 7 7 7 7 2 3 7 7 6 7 6 7 7 7 7 7 7 7 7 2 3 7 7 6 7 6 7 7 7 7 7 7 7 7 2 3 7 7 6 7 6 7 7 7 7 7 7 7 7 2 3 7 7 6 7 6 7 7 7 7 7 7 7 7 2 3 7 7 6 7 6 7 7 7 7 7 7 7 7 2 3 7 7 6 7 6 7 7 7 7 7 7 7 7 2 3 7 7 6 7 6 7 7 7 7 7 7 7 7 2 3 7 7 6 7 6 7 7 7 7 7 7 7 7 2 3 7 7 6 7 6 7 7 7 7 7 7 7 7 2 3 7 7 6 7 6
放队 7 7 7 7
宝鼎现 4 4 4 3 4 7 3 5 6 5 4 4 4 4 6 3 4 7 3 5 6 3 4 6 6 3 4 5 6 3 4 5 5 4 4
金明春 4 4 6 3 3 7 3 4 5 4 5 4 6 7 5 4 3 4 3 4 3 4 5 4 5 4 6
安平乐慢 4 4 6 4 4 6 4 5 4 5 3 4 3 4 8 6 6 4 7 3 4 6
惜双双令 7 3 4 5 7 7 3 4 5 7
风流子 5 3 5 5 4 4 4 3 5 5 4 4 4 4 5 3 6 6 4 5 4 4 4 6 4
梦杨州 3 3 4 4 6 3 3 3 4 3 3 6 6 5 4 4 6 7 3 4 3 4 4
满园花 5 5 5 3 5 5 5 5 6 3 5 5 6 5 5 3 4 3 4
词笑令 10 7 7 7 7 7 7 7 2 3 7 7 6 7 6
钗头凤 3 3 7 3 3 4 4 3 3 3 7 3 3 4 4 3
何满子 6 6 7 6 6 6 6 6 7 6 6 6
碧芙蓉 5 4 4 4 5 3 4 3 4 4 4 5 2 3 6 4 5 3 4 3 4 4 7
解语花 4 4 5 4 3 6 4 3 4 3 4 5 6 5 4 4 3 6 4 3 4 3 4 5
玉烛新 5 5 4 4 3 6 4 3 4 3 4 5 6 3 6 4 3 6 4 3 4 3 4 4
石州慢 4 4 4 4 4 4 4 6 7 5 5 2 4 4 4 6 4 4 6 7 5 5
兰陵王 3 6 3 4 7 5 6 3 4 7 5 5 4 7 5 4 7 5 2 3 5 5 7 5 4 4 7
望云涯引 4 3 3 4 6 4 5 3 4 5 4 3 3 4 6 5 3 4 6
吊严陵 4 4 4 4 4 4 4 6 7 6 6 5 4 5 2 6 7 4 4 6 6 6 4 7
梦玉人引 4 3 3 4 6 4 8 4 5 4 3 5 4 6 4 5 3 5 4
过秦楼 4 4 6 5 5 4 5 3 4 5 4 4 5 4 4 4 5 5 4 5 3 4 5 4 4
帝台春 4 5 4 3 4 7 3 4 3 4 4 3 3 3 3 3 4 3 3 4 7 7 5 5
幔卷帘 4 4 5 5 4 4 4 4 4 5 3 4 6 4 3 5 5 4 4 4 4 4 5 5 8
望春回 4 5 4 5 5 7 3 5 4 4 4 6 5 4 5 5 7 8 4 4 4
天宁乐 3 3 3 1 3 4 3 5 0 2 4 3 2 0 2 3 4 2 0 2 4 2 0
鸳鸯语 3 4 3 5 4 4 7 7 3 5 4 4 7
璧月堂 7 5 3 7 3 5 5 5 3 7 3 5
群玉轩 7 5 3 7 3 2 5 5 1 4 3 5
辨弦声 7 3 3 7 3 3 7 3 4 5 3 3
攀鞍态 7 3 3 7 3 3 7 3 4 5 3 3
辟寒金 7 3 3 7 3 3 7 3 4 5 3 3
尔汝歌 7 2 4 5 0 0 4 4 0
半死桐 7 7 7 7 3 3 7 7 7
翦朝霞 7 7 7 7 3 3 7 7 7
游少年 7 7 7 7 3 3 7 5 7
千叶莲 7 7 7 7 3 3 7 7 7
第一花 7 7 7 7 3 3 7 7 7
花想容 7 5 7 5 7 5 7 5
夜捣衣 3 3 7 7 7
杵声齐 3 3 7 7 7
夜如年 3 3 7 7 7
翦征袍 3 3 7 7 7
望书归 3 3 7 7 7
醉厌厌 5 5 7 6 3 5 5 3 0 3
窗下绣 7 4 7 3 3 6 4 7 3 3
艳声歌 7 3 7 3 7 3 7 3
唤春愁 7 3 7 3 6 3 7 3
花幕暗 7 3 7 3 7 3 7 3
晚云高 7 3 7 3 7 3 6 3
钓船归 7 3 7 3 7 3 7 3
爱孤云 7 3 7 3 7 3 7 3
替人愁 7 3 7 3 7 3 7 3
梦江南 7 3 7 3 7 3 7 3
愁风月 5 5 5 5 5 5 5 5
绿罗裙 5 5 5 5 5 5 5 5
陌上郎 5 5 5 5 5 5 5 5
卷春空 7 7 7 2 7 7 2 7 7 2 7
桃源行 7 1 4 5 0 7 4 0 5 7
西笑吟 7 4 5 7 7 7 4 5 7 7
望长安 7 4 5 7 7 7 4 5 7 7
呈纤手 7 7 7 7 7 7 7 7
归风便 7 6 7 2 5 6 4 7
续渔歌 7 7 7 7 7 7 7 7
惜余春 4 4 7 7 7 4 4 7 7 7
题醉袖 4 4 7 7 7 4 4 7 7 7
阳羡歌 4 4 7 7 7 4 4 7 7 7
芳心苦 4 4 7 7 7 4 4 7 7 7
平阳兴 4 4 7 7 7 4 4 7 7 7
晕眉山 4 4 7 7 7 4 4 7 7 7
思牛女 4 4 7 7 7 4 4 4 3 7
负心期 7 7 7 3 7 7 7 3
醉中真 7 7 7 7 7 7
频载酒 7 7 7 7 7 7
掩萧斋 7 7 7 7 7 7
杨柳陌 7 3 7 6 4 7
换追风 7 7 7 7 7 7
最多宜 7 7 7 7 7 7
锦缠头 7 7 7 7 7 7
将进酒 3 3 7 3 3 4 5 7 7 3 3 4 5 3 3 7 3 3 4 5 7 7 3 3 4 5
行路难 3 3 7 3 3 4 5 7 7 3 3 4 5 3 3 7 3 3 4 5 7 7 3 3 4 5
东邻妙 7 7 7 7 7 7 7 7
问歌颦 7 3 4 4 4 5 8 3 4 4 4 5
画楼空 7 5 6 5 3 3 3 4 4 4
偶相逢 7 5 6 5 3 3 3 4 4 4
步花间 7 5 6 5 3 3 3 4 4 4
醉梦迷 7 4 4 7 7 4 4 7
忍泪吟 7 4 4 7 7 4 4 4
铜人捧露盘引 3 3 3 3 4 4 3 5 4 3 4 3 3 3 3 3 4 4 3 5 4 3 4
秋风叹 4 3 2 6 3 4 3 3 4 3 6 3 4 3
断湘弦 4 4 6 4 6 6 3 4 3 4 6 4 4 4 4 6 4 6 3 4 3 4 6
子夜歌 3 7 3 4 4 7 7 3 4 4
独倚楼 3 3 6 3 3 5 3 3 6 3 3 5
翻翠袖 3 3 6 3 3 5 3 3 6 3 3 5
付金钗 3 3 6 3 3 5 3 3 6 3 3 5
伴登临 7 4 4 4 5 7 4 4 4 5
苗而秀 7 4 4 4 5 1 4 4 0 0
东吴乐 3 8 3 3 3 3 4 3 5 3 4 6 3 3 3 6 4 4 6 3 4 3 5 3 4 6
台城游 5 5 4 7 6 6 5 5 5 3 3 3 4 7 6 6 5 5 5
潇湘雨 4 4 6 4 5 6 3 4 3 4 5 2 3 4 0 0 4 4 0 0 2 4 5
念离群 4 4 4 5 4 4 4 4 4 7 3 5 4 2 4 3 5 5 4 4 4 4 4 7 3 5 4
宛溪柳 4 5 6 5 6 5 4 4 7 6 5 6 5 6 5 4 4 7
伤春曲 4 3 4 3 4 4 7 7 3 5 3 3 3 3 3 5 4 7 7 3 5 3
横塘路 7 3 3 7 4 4 5 7 7 7 4 4 5
人南渡 5 4 5 2 4 6 5 3 4 4 5 2 4 6 5 3
薄幸 4 3 4 3 4 6 3 4 7 5 4 6 6 3 4 5 4 7 4 5 7 4 6
伴云来 4 4 6 4 4 6 4 3 4 6 6 6 3 4 6 4 6 8 4 4
念良游 4 3 4 3 4 4 7 7 3 5 3 3 3 3 3 5 4 7 7 3 5 3
寒松叹 4 4 6 6 4 6 3 4 4 0 0 5 2 0 4 4 6 3 4 4 6
凤求凰 4 4 6 6 4 6 3 4 4 4 4 6 3 6 6 4 6 3 4 4 6
国门东 4 4 3 5 5 4 4 6 3 3 3 5 5 4 4
九回肠 4 4 3 5 5 4 4 6 3 3 3 5 5 4 3
月先圆 4 4 3 5 5 4 4 6 3 3 3 5 5 4 4
绮筵张 4 4 3 5 5 4 4 6 3 3 3 5 5 4 4
舞迎春 7 3 3 6 3 3 7 3 4 5 3 3
城里钟 7 7 5 5 5 5 5 5
望西飞 5 0 3 5 2 0 4 4 5
东阳叹 7 5 4 5 6 3 4 4 5
要销凝 7 5 4 5 6 3 4 4 5
想车音 7 4 5 5 5 6 5 5 7 4 5 5 5 6 5 5
荆溪咏 7 7 7 3 7 7 2 0 3 3
吹柳絮 7 7 7 7 7 7 7 7
江如练 7 4 5 7 7 7 4 5 7 7
宴齐云 5 5 7 6 3 5 5 7 6 3
醉琼枝 6 6 7 7 5 6 6 7 7 5
弄珠英 4 5 5 3 4 4 5 3 3 5 4 5 5 3 4 4 5 3 3 5
梦相亲 7 7 7 7 7 7 7 7
罗敷歌 7 4 4 7 7 4 4 7
侍香金童 4 5 3 4 7 4 4 3 7 7 7 4 4
玉京秋 4 4 3 4 4 6 4 4 4 3 3 7 2 4 4 7 4 4 3 4 2 7 5 5
蕙清风 5 4 5 4 5 5 3 4 5 4 5 4 5 5 3 4
海月谣 4 3 3 4 4 4 6 4 4 3 3 4 3 4 6 4
忆仙姿 6 6 5 6 2 2 6
琴调相思引 7 4 3 3 5 3 3 3 3 7 3 3 3 3 8 3 3 3 3
花心动 4 3 6 3 4 6 7 3 4 1 4 4 6 5 4 4 4 6 7 3 4 3 5
夜游宫 6 3 4 7 3 2 3 5 3 4 7 3 3 3
菱花怨 4 4 4 4 4 4 6 4 4 4 4 4 4 5 5 4 4 4 6 5 3 4 6 6
望扬州 4 4 6 4 4 6 4 5 4 5 3 4 5 4 6 5 3 4 4 3 4 3 4 6
定情曲 4 4 6 4 3 6 6 6 5 5 7 5 4 4 3 6 6 6 3 4 5
拥鼻吟 4 7 6 5 4 4 4 4 3 3 3 5 4 7 4 4 4 4
思越人 7 6 7 7 3 3 7 7 7
摊破木兰花 7 4 4 7 4 4 7 7 7 4 4
玉连环 7 4 7 3 3 7 4 7 3 3
惜奴娇 4 3 3 3 4 4 3 3 2 3 4 4 3 3 3 3 4 3 3 2 3 4
醉春风 5 5 7 3 4 4 4 5 5 7 3 4 4 4
金凤钩 6 3 4 4 4 6 7 3 4 4 4 6
芳洲泊 4 4 7 7 7 4 4 7 7 7
摊破浣溪沙 7 7 7 3 7 7 7 3
江南曲 4 4 7 7 7 4 4 7 7 7
楼下柳 3 4 6 4 4 6 4 3 4 6 6 6 3 4 6 4 6 8 4 4
吴门柳 7 7 7 3 7 7 7 7 3 7
雁后归 7 6 7 5 5 7 6 7 5 5
鸳鸯梦 7 6 7 5 5 7 6 7 5 5
念彩云 6 3 4 7 3 3 3 5 3 4 7 3 3 3
烛影摇红 4 7 7 5 6 3 4 4 4 4
减字浣溪沙 7 7 7 7 7 7
献金杯 4 4 3 4 4 5 3 6 4 4 3 4 4 5 3 6
六州歌头 4 5 3 3 3 3 5 3 3 3 3 3 4 5 4 5 5 4 3 4 3 3 3 3 3 3 3 5 3 3 3 3 3 4 5 4 5 5 4
石州引 4 4 4 6 6 4 6 7 5 5 2 4 4 4 4 6 4 6 7 5 5
望湘人 5 4 6 4 4 5 4 4 4 3 4 6 6 5 4 5 6 4 4 6 3 4 6
小梅花 3 3 7 3 3 4 5 7 7 3 3 4 5 3 3 7 3 3 6 3 7 7 3 3 6 3
新念别 6 7 7 3 3 3 5 3 4 7 3 3 3
凤凰台上忆吹箫 4 4 6 3 4 4 6 3 4 3 4 4 6 3 6 3 4 4 6 3 4 3 6
过涧歇 2 3 6 6 3 6 5 3 7 6 5 4 5 4 4 4 7
消息 4 4 4 4 4 4 4 4 6 7 3 3 4 4 6 5 4 5 4 4 6 3 4 4
梁州令垒韵 5 6 7 4 5 7 5 2 7 5 6 7 4 5 7 5 6 7
夜合花 4 4 6 6 4 5 3 4 4 4 4 6 3 6 4 6 5 3 4 4 4 4
万年欢 4 5 4 4 6 6 3 4 3 4 6 6 5 4 4 6 6 3 4 6 6
古阳关 5 5 4 3 3 5 5 3 7 5 3 4 3 3 5 5 3 7
惜分飞 7 6 5 7 7 6 5 7
忆少年 4 4 4 5 5 7 3 4 5 5
定风流 7 7 7 2 7 7 2 7 7 2 7
凤箫吟 3 4 6 5 4 5 5 3 4 5 6 2 4 4 4 5 5 4 5 3 4 3 4 4
杨柳枝 7 3 7 3 7 3 7 3
胜胜慢 4 4 6 4 6 6 3 4 3 5 4 6 5 4 6 4 6 3 4 3 5 4
紫玉箫 4 4 6 4 5 4 4 3 4 3 4 4 6 5 4 4 5 4 4 3 4 3 4 4
斗百草 4 7 4 4 6 3 5 4 5 4 4 6 4 7 4 4 3 4 3 7 3 3 4
调笑 1 6 6 6 4 4 7 7 7 7 7 7 7 7 2 3 7 7 6 7 6
罗敷媚 7 4 4 7 7 4 4 7
木兰花减字 4 7 4 7 4 7 4 7
瑞龙吟 3 6 4 6 4 4 3 6 4 6 4 4 6 4 4 6 4 4 5 3 4 4 5 4 4 5 3 6 4 4
锁窗寒 4 4 4 4 6 3 4 7 5 4 4 2 3 5 4 4 6 3 4 7 3 4 5
渡江云 5 4 5 5 4 5 4 3 4 3 4 5 2 4 4 5 3 4 4 7 3 4 3 6
荔枝香近 6 3 6 5 6 5 8 3 3 3 4 6 4 7 6
还京乐 3 2 7 5 4 4 5 7 3 4 4 4 5 4 6 6 3 4 3 5 4 5 6
扫地花 4 5 4 4 5 4 4 6 3 5 4 5 5 4 4 5 4 4 6 3 3 4
解连环 4 5 4 3 4 5 4 4 3 4 5 4 4 6 5 4 3 4 5 4 4 3 4 3 4 4
玲珑四犯 4 5 4 4 6 6 6 7 6 7 3 4 7 5 6 3 4 5 3 3
丹凤吟 6 4 4 4 6 4 4 4 4 6 4 6 6 7 5 5 4 4 6 7 5 4 5
瑞鹤仙 5 3 6 5 3 6 4 3 4 5 4 4 6 4 4 4 3 3 3 6 6 5 6
浪涛沙 3 4 4 6 6 8 3 4 8 5 2 6 5 3 5 5 4 4 5 4 7 3 4 3 5 3 4 3 7
忆旧游 5 4 4 5 5 4 6 5 5 4 4 2 3 5 4 5 5 4 6 5 5 7
浣沙溪 7 7 7 7 7 7
垂丝钓 4 6 4 4 3 5 3 5 4 6 4 5 5 4 5
隔浦莲 6 5 5 3 3 5 3 5 3 4 6 4 6 7 2 6
侧犯 4 7 2 8 5 5 2 3 5 4 5 3 3 5 4 4 4 4
寒翁吟 5 6 3 3 5 7 6 4 3 5 2 3 4 3 4 3 4 3 4 4 4 4 4
华胥引 4 4 4 4 7 6 5 4 6 4 3 4 4 6 6 5 4 6
宴清都 5 3 6 4 4 4 6 3 4 3 4 6 6 4 4 4 4 4 6 3 4 3 4 4
四园竹 4 5 4 4 4 3 3 4 6 3 6 6 6 4 4 3 3 5
齐天乐 7 6 4 4 6 4 5 4 4 7 6 5 4 4 4 6 4 5 4 4 5
霜叶飞 4 3 6 7 5 3 4 7 5 3 4 4 6 4 6 7 5 3 4 7 3 3 4 4
蕙兰芳引 4 3 4 5 6 4 3 4 5 6 4 4 4 5 6 4 4 3 6
丁香结 4 4 6 5 3 6 5 3 4 4 4 4 2 5 6 4 4 4 6 5 5 6
氐州第一 4 4 6 4 4 6 4 3 4 4 4 4 7 3 4 4 4 5 3 3 3 4 4 3 4
解蹀躞 6 5 4 5 6 6 4 3 6 5 4 5 6 6 4
庆春宫 4 4 6 4 4 6 4 3 4 4 4 4 6 4 4 4 4 6 4 3 4 4 4 4
伤情怨 6 5 4 5 6 3 4 4 5
红林檎近 5 5 5 5 6 6 6 5 5 5 4 6 5 4 7
倒犯 2 5 4 4 3 4 4 7 5 5 3 3 4 4 5 5 3 3 3 3 3 5 5 5 6
大酺 4 3 6 5 5 4 4 4 6 5 5 4 5 4 4 5 3 5 3 4 4 3 4 5 3 4 3 3 4 6 6
花犯 3 4 5 4 5 4 7 5 3 4 5 7 5 4 3 3 4 3 4 3 5 3 4 5
六丑 5 3 4 4 5 4 5 4 5 7 4 4 6 5 4 4 5 5 3 6 5 4 3 4 5 4 4 3 4 3 5 4
西河 3 6 7 4 7 6 3 3 6 7 4 7 6 7 3 4 6 3 4 6 3
归去难 5 5 5 3 4 5 5 4 6 4 5 5 3 4 5 5 4 6
绮寮怨 6 5 3 4 3 4 6 3 5 3 4 3 5 6 4 6 4 3 3 6 3 3 4 5 3
拜星月 4 4 6 4 5 3 6 6 4 5 3 5 3 5 6 5 3 5 3 5 3 4 5
绕佛阁 4 4 4 4 4 5 4 4 4 4 4 5 5 7 4 5 5 4 4 5 4 3 4
月中行 7 5 7 5 7 3 4 7 5
意难忘 4 5 4 5 5 3 3 5 3 4 4 6 5 4 5 5 3 3 5 3 4 4
红罗袄 5 5 5 4 4 4 3 4 6 5 3 5
夜飞鹊 5 4 6 7 6 5 5 4 4 3 4 6 5 4 6 4 4 4 3 4 5 4 4
凤来朝 5 3 4 8 3 3 6 3 4 5 3 3
玉团儿 7 3 4 4 4 4 7 3 4 4 4 4
粉蝶儿慢 4 4 6 9 7 6 3 3 6 2 4 3 6 5 5 7 6 3 3 4
红窗迥 3 3 3 4 4 6 5 4 4 4 6 3 4 5
南浦 5 3 6 5 3 6 4 7 4 4 4 6 5 4 5 3 6 4 7 5 4 4
月下笛 4 4 4 4 6 3 4 7 5 4 4 4 5 4 4 6 3 4 7 3 9
无闷 4 4 6 3 6 6 8 3 6 4 2 4 4 4 3 6 6 5 4 3 6 4
青房并蒂莲 3 5 4 4 4 7 3 4 3 4 7 6 5 4 7 4 6 8 3 4 7
一剪梅 7 4 4 7 7 7 7 7 4 4
鹊桥仙令 4 4 6 7 3 4 4 4 6 7 3 4
双头莲 4 4 4 4 4 6 3 4 4 4 4 4 5 3 5 4 4 4 6 4 4 4 3 7
大有 4 4 3 4 3 6 7 3 4 3 3 6 3 8 4 4 6 6 3 4 3 4 4
关河令 6 5 4 5 6 3 4 4 5
万里春 4 6 3 4 5 5 3 4 3 4 5
浣溪沙慢 5 5 4 5 4 5 5 5 3 4 3 5 5 4 5 4 5 5 5 3 4
七娘子 7 3 5 4 4 7 7 3 5 4 4 7
柳梢青 4 4 4 4 4 4 6 3 4 4 4 4
传言玉女 4 6 4 5 4 6 4 4 4 3 3 4 5 4 6 4 4
绛都春 4 5 4 4 7 7 6 4 4 4 2 4 5 4 4 7 7 6 6 4
天香 4 4 6 4 4 6 4 3 4 4 4 4 6 3 4 4 7 6 3 5 4 4
摊声浣溪沙 7 7 7 3 7 7 7 3
八节长欢 4 4 4 5 5 7 3 4 6 4 6 3 6 6 3 6 3 3 4 3 4 6
秦楼月 3 7 3 4 4 7 7 3 4 4
上林春令 6 3 4 6 3 4 7 3 4 6 3 4
散余霞 6 5 6 5 6 5 6 5
最高楼 3 5 3 3 7 7 3 3 3 3 5 3 5 3 3 7 7 3 3 3
粉蝶儿 4 6 3 4 3 3 4 3 6 4 6 3 4 3 3 4 3 6
破子 2 3 7 9 6 7 6
寻梅 7 3 4 7 5 4 7 3 4 7 3 6
不见 6 6 5 6 2 2 6
转调蝶恋花 7 4 5 7 7 7 4 5 7 7
满庭霜 4 4 6 4 5 6 3 4 3 4 5 2 3 4 4 5 4 6 3 4 3 4 5
秋霁 4 3 6 4 4 6 4 7 3 4 5 6 4 4 3 4 7 7 4 6 4 4
江楼令 7 3 4 7 5 7 3 4 7 5
红楼慢 4 4 6 7 6 6 6 3 4 5 2 5 5 4 7 6 6 6 3 7
声声慢 4 4 6 4 6 5 3 4 3 4 4 6 3 6 4 6 6 6 3 5 4
忆王孙 7 7 7 3 7
北山移文哨遍 8 4 9 6 4 9 10 8 8 8 8 4 5 3 5 3 4 5 4 7 5 4 6 8 8 4 4 4 5 7 5 6 5 4 7 5 4 6 8 3 5 7 6 5 6 4 4 7 3 4
徵招调中腔 7 3 4 7 3 3 7 3 4 7 7
安阳好 7 3 5 7 7 5 3 5 7 7 5
破子清平乐 4 5 7 6 6 6 6 6
忆桃源 11 5 7 5 3 3 5 7 5
瑶台月 4 5 4 4 6 3 4 3 4 3 3 3 3 3 4 4 7 3 4 5 6 3 4 3 4 3 3 3 3 3 4 4
雪夜渔舟 3 5 4 4 4 6 4 3 4 4 4 4 5 5 4 4 4 6 4 3 4 4 4 4
春从天上来 4 5 4 4 4 6 5 3 4 3 5 4 6 5 4 4 4 6 5 3 4 3 5 4
惜时芳 7 3 4 7 3 4 7 3 4 7 3 4
度清霄 7 7 7 7 7 7 7 7
结语 7 7 7 7 7 7 7 7
竹马儿 3 6 4 5 4 4 6 4 4 5 5 4 5 4 4 6 6 6 4 5 4 5
苦萨蛮 7 7 5 5 5 5 5 5
雪月交光 5 4 4 4 5 4 4 5 4 4 4 4 4 4 4 4 5 4 4 5 4 4 4
望明河 4 5 4 4 5 4 5 3 4 3 6 4 6 5 4 4 5 4 5 3 5 3 4 6
梦横塘 4 4 6 4 3 4 4 4 4 5 4 3 3 6 5 4 4 3 4 3 4 7 4 4 5
眼儿媚 7 5 4 4 4 7 5 4 4 4
扑蝴蝶 4 5 4 5 6 6 6 3 4 5 4 5 6 6 6
相思会 5 5 6 4 4 5 3 3 3 4 5 4 6 4 5 3 3 5
青门饮 4 4 4 4 4 4 6 5 3 4 4 4 4 6 5 4 4 4 6 5 3 4 4 6
寰海清 4 5 4 6 4 5 2 3 4 7 3 6 6 4 7 3 4 5 3 3
豆叶黄 7 7 7 3 7
聒龙谣 4 4 6 4 5 3 4 3 4 3 4 3 3 3 3 5 4 4 5 3 4 3 4 3 4 4
苏武慢 4 4 6 4 4 6 4 4 6 5 4 4 3 4 4 6 4 4 6 4 4 6 5 4 4
芰荷香 3 5 4 4 6 4 3 4 6 4 4 7 5 4 4 6 4 3 4 6 4 4
踏歌 2 8 3 5 8 2 8 3 5 8 3 3 3 5 5 5 3 4
促拍丑奴儿 5 3 4 4 4 4 7 3 4 4 4 0 4
醉思仙 3 5 4 5 4 3 3 3 4 3 5 4 5 6 5 4 3 3 3 4 3 5 4
杏花天 7 3 4 7 6 3 4 3 4 7 6
恋绣衾 7 3 4 6 3 4 7 3 4 6 3 4
十二时 4 4 4 5 5 7 3 4 5 5
沙塞子 6 3 3 6 3 6 3 3 6 3
双鸂鶒 6 6 6 6 6 6 6 6
西湖曲 7 7 7 7 7 7 7 7
风蝶令 5 5 7 6 3 5 5 7 6 3
洛妃怨 6 6 5 3 6 6 5 3
相见欢 6 3 6 3 3 3 3 6 3
春晓曲 7 6 7 7
柳枝 3 3 7 3 3 3 7 3
西地锦 6 5 4 4 4 6 5 7 5
潇湘夜雨 4 4 6 4 5 6 3 4 3 4 5 2 3 4 4 5 4 6 3 4 3 4 5
酹江月 4 5 4 7 6 4 4 5 4 6 6 5 4 7 6 4 4 5 4 6
探春令 4 4 4 7 3 3 7 5 3 4 7
燕山亭 4 4 6 4 4 6 4 3 4 2 5 4 6 3 6 4 4 6 4 3 4 2 3 4
金莲绕凤楼 7 3 4 7 3 4 6 3 4 9 3 4
一翦梅 7 4 4 7 4 4 7 4 4 7 4 0
人月圆 7 5 4 4 4 7 5 4 4 4
孤雁儿 7 3 3 7 6 4 4 5 7 3 3 7 6 4 4 5
转调满庭芳 4 4 6 2 4 6 1 4 3 4 3 2 3 4 4 3 4 6 3 4 3 4 6
多丽 3 6 3 4 6 3 4 3 4 4 4 7 3 4 5 3 4 4 3 4 6 3 4 3 4 4 4 7 3 4 5 3 4 4
怨王孙 7 3 4 7 3 3 7 3 4 7 3 3
添字丑奴儿 7 4 4 4 5 7 4 4 4 5
庆清朝 4 4 6 4 6 6 7 4 4 4 3 3 5 4 4 6 6 7 3 4 4
虞美人令 7 5 7 6 3 7 5 7 6 3
双翠羽 4 5 4 7 6 4 4 5 4 6 6 5 4 7 6 4 4 5 4 6
琴调相思令 3 3 7 5 3 3 7 5
醉桃园 7 6 6 5 7 6 6 5
三字令 3 3 3 3 3 3 3 3 3 3 3 3 3 3 3 3 3 3
桂殿秋 3 3 7 7 7
梅花引 3 3 7 3 3 4 5 7 7 3 3 4 5
忆江梅 4 4 6 4 4 6 4 5 10 8 4 2 2 4 6 5 4 3 2 4 3 6 4 4 4 4 4 5 8 11 6 16 3 3 4 5 7 3 3 3 7 3 3 4 3 4 4 5 7 3 3 3
访寒梅 7 3 3 4 5 7 3 3 3 7 3 3 4 3 4 4 5 7 3 3 3
怜落梅 7 3 3 4 5 7 3 3 3 7 3 3 4 3 4 4 5 7 3 3 3
飞雪满群山 4 4 6 4 4 6 5 3 4 4 4 5 3 5 5 4 4 4 6 5 3 4 4 7
忆瑶姬 4 5 4 5 5 4 4 4 5 3 5 4 3 4 5 4 5 5 4 3 4 5 3 7
丑奴儿慢 4 6 5 6 4 7 4 4 4 4 4 4 3 4 4 3 7 4 4 4
婆罗门引 4 7 6 6 5 5 4 4 3 3 6 4 4 3 5 3 4
极相思 6 5 4 4 4 7 3 4 4 4 4
四楼子 6 3 6 3 3 3 3 6 3
上阳春 6 4 7 3 3 6 4 7 3 3
镇西 5 4 3 4 3 5 4 4 6 3 5 4 3 4 3 5 4 4 6
愁倚阑 3 3 3 7 3 6 3 4 7 3
苍梧谣 1 7 3 5
恨来迟 4 4 4 5 4 4 3 5 6 5 4 4
三段子 4 4 4 3 4 7 3 5 6 5 4 4 7 3 4 3 4 7 3 5 6 3 4 6 6 3 4 5 6 3 4 5 3 4 6
昆明池 4 4 6 3 4 3 4 3 4 3 6 5 4 6 7 5 4 3 4 3 4 3 4 5 4 5 4 7
十月桃 4 5 4 4 6 6 3 4 4 4 4 3 4 5 4 4 6 6 3 4 4 4 4
醉落托 4 7 7 4 5 7 7 7 4 5
十样花 6 6 5 3 3 5 6 6 5 3 3 5 6 6 5 3 3 5 6 6 5 3 3 5 6 6 5 3 3 5 6 6 5 3 3 5 6 6 5 3 3 5
庆双椿 7 7 7 7 7 7
法驾导引 5 3 5 8 23 7 7 7 3 5 7 7 5
鱼游春水 5 7 4 6 7 7 4 4 6 7 6 4 7 7 4 4
长相思令 3 3 7 5 3 3 7 5
喜迁莺令 3 3 5 7 5 3 3 5 7 5
喜迁莺慢 4 4 6 4 4 6 4 4 5 3 4 6 4 4 6 6 4 6 7 3 4 4
明月逐人来 4 4 3 4 4 5 6 6 4 3 4 4 5 6
上西平 3 3 3 3 4 4 7 4 3 4 5 3 3 3 4 4 7 7 4
楼上曲 7 7 7 7 7 7 7 7
瑶台第一层 7 5 4 4 4 5 3 4 3 5 4 2 4 7 4 4 4 5 3 4 3 5 4
卷珠帘 7 4 5 7 7 7 4 5 7 7
陇头泉 3 6 3 4 6 3 4 3 4 4 4 7 3 4 5 3 4 4 3 4 6 3 4 3 4 4 4 7 3 4 5 3 4 4
渔父家风 7 5 6 5 3 3 3 4 4 4
彩鸾归令 4 7 7 3 7 7 7 3
选冠子 4 4 6 4 4 6 4 4 4 5 4 4 3 4 4 6 4 4 6 4 4 4 5 6
情久长 4 7 3 4 4 5 3 6 3 4 4 3 3 4 5 3 4 4 4 3 6 3 4 4 3 3
早梅芳近 3 3 5 4 7 5 5 5 5 3 3 5 4 7 5 5 2 2 4
思佳客 7 7 7 7 3 3 7 7 7
握金钗 5 5 6 7 3 3 3 5 5 6 7 3 3 3
祝英台 3 3 5 4 5 6 4 3 4 3 6 5 4 5 6 4 3 4
江城子慢 5 3 5 3 3 6 3 7 3 5 6 6 6 5 4 3 3 6 3 7 3 5 9
百宜娇 4 4 6 4 4 6 4 3 4 3 4 6 3 4 5 4 4 4 6 4 3 4 4 4 4
倾杯令 4 4 6 6 6 7 3 4 6 6
扑蝴蝶近 4 5 4 5 4 4 4 6 3 4 7 4 5 6 6 6
西江月慢 4 3 4 5 4 4 3 4 4 4 3 4 5 3 5 3 4 7 5 3 4 4 4 3 7
恋香衾 7 3 4 4 4 7 3 4 6 4 7 3 4 4 4 7 3 4 6 4
惜分钗 3 3 7 3 3 4 4 2 3 3 7 3 3 4 4 2
宴山亭 4 4 6 4 4 6 4 3 4 2 5 4 6 5 4 4 4 6 4 3 4 2 3 4
东风第一枝 4 4 6 6 6 4 3 4 3 4 6 3 4 3 4 6 6 4 3 4 3 4 6
宴春台 4 4 6 4 6 6 3 4 4 4 4 4 4 4 4 4 6 4 3 4 3 4 5
折丹桂 7 5 7 3 3 7 5 7 3 3
忆东坡 5 5 5 7 6 6 5 4 7 4 5 6 5 6 6 5 6 5
薄媚 10 4 6 4 4 3 5 3 5 4 4 5 7 5 3 3 5 6 4 4 4 4 7 4 4 5 7 5
扫花游 4 8 4 5 4 4 6 3 5 4 5 5 4 4 5 4 4 6 3 3 4
阳春 3 3 6 5 3 7 4 3 4 7 6 3 4 3 4 6 3 4 6 2 4 3 5 4
白雪 4 3 6 4 4 6 3 3 4 3 4 5 6 4 3 10 3 4 5 4 6
解蝶躞 6 5 4 5 6 4 3 3 3 6 5 9 6 4 3 3
于中好 7 3 4 7 3 3 7 3 4 7 3 3
瑞云浓 4 6 7 4 3 4 5 5 4 3 4 7 4 3 4 4 4
锯解令 7 3 4 7 3 4 4 6 7 3 4
卓牌子慢 5 3 4 6 6 4 5 3 4 6 4 6
倒垂柳 5 3 3 5 5 5 5 5 6 4 7 5 5 4 5 4 5
惜黄花慢 4 5 4 4 5 6 7 3 4 3 4 4 6 3 6 4 5 6 7 3 4 3 6
琐窗寒 4 4 4 4 6 3 4 7 3 4 6 2 4 5 4 4 5 3 4 7 3 4 5
双雁儿 7 3 3 7 3 3 7 3 3 7 3 3
天下乐 7 3 3 7 3 4 3 5 3 3 7 3 3
玉抱肚 4 4 7 6 5 3 7 4 4 3 3 4 3 4 5 3 5 3 5 3 4 6 4 3 7 4 3 3 3 3 4 4 3 4
朝天子 5 3 4 4 5 3 5 7 3 3 4
曲江秋 4 5 4 4 4 5 5 3 3 4 4 4 2 4 3 4 5 4 5 5 7 3 4 6
法曲 7 4 7 3 5 5 4 6 2 7 4 4 3 8 3 7 2 6
大椿 4 4 6 5 5 6 3 4 6 6 7 4 4 5 5 7 3 4 4 3 4
保寿乐 6 7 5 4 4 4 5 6 5 4 6 3 4 5 3 3 5 6 5 4
国香 4 5 4 4 6 6 3 4 5 4 4 5 5 4 4 6 6 3 4 5 4 4
安平乐 4 4 6 4 4 6 4 5 4 5 3 4 5 4 6 5 3 4 4 3 4 3 4 6
赏松菊 7 6 5 5 6 3 4 3 3 6 6 3 5 5 5 6 3 4 3 3 4
月上海棠慢 4 4 5 5 4 6 3 4 3 4 4 2 4 4 4 5 4 6 3 4 3 6
松梢月 4 3 6 4 6 7 3 4 7 5 6 5 4 4 6 7 3 4 4 3 3
隔帘花 4 4 6 5 5 3 3 7 3 4 5 6 5 4 5 5 3 3 7 3 7
忆吹箫 4 4 6 3 4 4 6 3 4 3 4 4 6 5 4 3 4 4 6 3 4 3 6
十六贤 3 3 4 5 4 3 7 7 4 4 5 3 3 3 5 4 8 7 7 3 5
杏花天慢 4 4 6 5 3 6 4 3 4 3 4 6 6 5 4 5 3 6 4 3 4 3 4 4
蜀溪春 4 4 4 4 4 6 5 3 4 3 3 5 6 5 4 4 4 6 5 3 4 3 3 3
倚楼人 4 4 7 4 4 6 5 6 4 4 7 6 5 4 4 4 6 5 6 4 4 5
夹竹桃花 4 4 6 4 6 6 8 5 4 5 3 5 7 6 6 5 6 3 4 5
峭寒轻 5 5 4 5 5 4 5 3 4 4 3 5 2 4 5 4 5 5 4 5 3 4 4 3 3
二色莲 4 4 4 4 6 6 3 4 6 6 5 5 5 4 6 6 3 4 3 3 4
八音谐 5 5 4 5 5 6 3 5 3 5 4 7 5 4 5 5 6 3 4 5 3 3
清风满桂楼 4 4 6 5 3 6 5 3 4 3 4 4 5 4 6 5 3 6 5 3 4 3 6
雁侵云慢 3 5 4 4 5 3 3 3 4 5 3 5 6 5 4 4 5 6 3 4 6 5
锦标归 4 4 6 4 4 6 5 3 4 3 4 6 6 6 4 5 5 4 5 3 4 3 4 6
索酒 6 4 4 6 4 4 4 8 6 6 7 5 4 5 3 6 4 3 5 6 4
六花飞 4 4 5 4 5 3 4 3 4 3 4 5 5 4 5 4 5 7 3 7 7
四槛花 4 4 4 5 5 4 3 3 4 3 6 4 6 3 5 5 5 4 3 3 4 3 3 4
胜胜令 4 4 7 4 3 3 3 4 4 3 3 7 4 3 3 3 4
玉蹀躞 6 5 4 5 6 4 6 3 6 5 4 5 6 4 6
饮马歌 8 14 5 5 5 3 3 5 3
长寿仙促拍 5 5 3 3 3 5 4 4 4 3 4 3 3 3 5 3 4 4 4
蓦溪山 4 5 5 3 4 4 5 3 3 5 4 5 5 3 4 4 5 3 3 5
转调定风波 7 7 7 2 7 7 2 7 7 2 7
采莲 3 7 4 4 4 4 3 6 3 6 4 4 4 4 4 4 6 3
采莲舞 4 7 4 4 6 6 4 4 6 6 4 4 4 4 3 7 2 4 13 6 4 6 4 4 6 6 4 4 3 6 6 9 5 3 4 7 6 3 4 6 4 4 7 3 4 4 3 5 3 4 4 6 2 6 5 12 6 4 6 6 6 4 7 4 7 4 4 3 9 4 4 4 6 6 6 6 4 4 4 4 4 8 4 2 7 5 6 3 6 2 7 4 3 5 5 4 4 2 3 6 11 7 4 7 4 4 4 4 2 12 7 8 7 2 6 4 3 12 7 7 3 7 7 7 7 3 7 2 6 3 2 15 7 7 7 2 6 4 3 12 7 7 3 7 7 7 7 3 7 2 6 3 2 15 7 7 7 2 6 4 3 12 7 7 3 7 7 7 7 3 7 2 6 3 2 15 7 7 7 2 6 4 3 12 7 7 3 7 7 7 7 3 7 2 6 3 2 15 7 7 7 2 6 4 3 12 7 7 3 7 7 7 7 3 7 2 6 3 4 5 6 7 4 7 4 4 6 6 4 4 4 4 6 6 4 4 2 13 6 7 5 6 3 4 7 5 2 6 2 11 5 4 4 6 3 3 7 4 5 4 4 3 3 2 5 2 2 14 7 7 7 4 4 2 7 7 6
太清舞 6 7 7 7 13 7 7 7 6 4 5 5 4 4 6 11 4 4 4 7 4 4 4 4 4 3 8 4 3 6 4 6 3 6 2 5 3 10 5 5 5 7 3 4 5 5 2 6 2 2 11 5 5 5 7 3 4 5 5 2 6 2 2 14 5 5 5 7 3 4 5 5 2 6 2 2 14 5 5 5 7 3 4 5 5 2 6 2 2 14 5 5 5 7 3 4 5 5 2 6 2 2 15 5 5 5 7 3 4 5 5 2 6 2 2 9 4 4 4 6 6 2 11 4 6 6 4 6 4 6 4 4 10 7 7 7 2 8 3 3 4 5 5 7 5 5 5 2 6 4 3 4 2 7 11 4 6 6 4 4 4 4 2 6 2
柘枝舞 1 6 4 6 4 4 4 4 2 9 5 5 2 12 4 7 8 6 6 4 4 2 3 9 4 6 6 4 4 4 4 2 4 8 4 3 6 3 6 3 6 2 7 4 2 9 2 12 4 4 3 3 8 2 6 2 6 5 2 3 12 3 1 7 8 5 5 10 5 3 4 6 7 6 7 5 2 6 3 11 6 4 6 6 6 4 4 2 8
花舞 6 4 4 4 6 4 6 4 4 4 6 4 6 4 4 2 7 1 3 3 4 13 7 7 7 2 1 4 6 4 7 4 5 7 7 3 5 2 3 3 5 13 7 7 7 2 1 4 6 4 7 4 5 7 7 3 5 2 3 3 5 13 7 7 7 2 1 4 6 4 7 4 5 7 7 3 5 2 3 3 5 13 7 7 7 2 1 4 6 4 7 4 5 7 7 3 5 2 3 3 5 14 7 7 7 2 1 4 6 4 7 4 5 7 7 3 5 2 3 3 5 13 7 7 7 2 1 4 6 4 7 4 5 7 7 3 5 2 3 3 5 12 7 7 7 2 1 4 6 4 7 4 5 7 7 3 5 2 3 3 5 13 7 7 7 2 1 4 6 4 7 4 5 7 7 3 5 2 3 3 5 12 7 7 7 2 1 4 6 4 7 4 5 7 7 3 5 2 3 3 5 12 7 7 7 2 1 4 6 4 7 4 5 7 7 3 5 2 3 3 5 13 7 7 7 2 1 4 6 4 7 4 5 7 7 3 5 5 5 4 9 3 7 4 4 6 6 7 7 7 6 3 7 4 4 6 6 7 7 7 2 11 5 7 6 3 7 4 4 6 6 3 4 7 7 9 3 7 4 4 6 6 3 4 7 7 2 8 5 2 6 11 4 7 7 6 4 6 6 4 4 7 7 4 4 4 4 6 4 7 7 6 4 4 6 4 6 7 7 4 4 4 4 2 7
剑舞 4 6 4 4 8 8 6 4 6 4 4 4 12 4 4 4 4 4 7 7 4 4 7 7 4 4 4 4 11 4 9 10 9 7 5 14 5 6 3 3 2 3 5 6 3 3 5 10 6 7 2 5 11 4 6 6 4 4 6 6 4 4 7 7 6 4 6 4 4 4 5 7 8 9 9 2 5 5 7 2 6 15 9 5 7 7 3 4 3 4 4 4 6 6 4 4 9 9 4 4 4 4 5 16 6 3 6 6 12 7 7 7 7 7 7 7 4 4 2 5
渔父舞 7 7 7 7 7 7 7 3 4 7 7 7 7 2 5 1 3 7 7 7 3 7 2 6 1 2 2 7 7 7 7 2 5 1 3 7 7 7 3 7 2 6 1 2 10 7 7 7 2 5 1 4 7 7 7 3 7 2 6 1 2 10 7 7 7 2 5 6 7 8 7 3 7 2 6 1 2 10 7 7 7 2 5 7 7 7 7 3 7 2 6 2 10 7 7 7 2 5 1 2 7 7 7 3 7 2 6 1 2 10 7 7 7 2 5 5 3 3 7 7 7 3 7 2 6 1 2 10 7 7 7 2 5 3 4 7 7 7 3 6 1 6 2 6 1 2 14 7 7 7 4 4 2 6 6 2
望海朝 4 4 6 4 4 6 5 5 4 6 5 6 5 4 4 4 6 5 5 4 6 5
蹋莎行 4 4 7 7 7 4 4 7 7 7
永龙吟 6 7 4 4 4 4 4 4 3 6 3 3 6 3 4 6 6 4 4 4 5 4 4
迎仙客 3 3 7 3 3 4 5 3 3 7 3 3 4 5
教池回 4 4 6 5 5 3 5 6 3 4 4 6 3 6 3 5 3 5 6 3 4 4
惜黄花 4 4 4 6 5 5 3 4 4 4 3 3 4 5 5 3 4
扑胡蝶 4 5 4 5 6 6 6 3 6 5 4 5 7 6 6
白苎 3 3 4 4 6 6 3 2 3 6 9 6 3 2 4 4 4 6 6 4 4 6 4 4 4 4 4 5
新荷叶 4 6 4 6 4 3 4 4 6 4 3 4 4 6 4 3 4 4 6
捣练子 3 3 7 3 3 3 3 7 3 3
舞杨花 7 6 5 5 7 3 4 6 6 6 5 4 4 5 7 3 4 6 6
丑奴儿令 7 4 4 7 7 4 4 7
诉衷情令 7 5 6 5 3 3 3 4 4 4
菩萨蛮令 7 7 5 5 5 5 5 5
玉楼春令 7 7 7 7 7 7 7 7
绣带儿 5 5 6 5 5 3 4 4 4 4
壶中天慢 4 5 4 7 6 4 4 5 4 6 6 4 5 7 6 4 4 5 4 6
蝶蛮花 7 4 5 7 7 7 4 5 7 7
玉漏迟 5 4 4 4 6 6 3 4 3 4 4 6 5 4 4 6 6 3 3 3 6
应天长令 7 7 3 3 7 5 6 6 5
番禺调笑 8 6 4 6 6 6 4 4 9 7 7 7 7 7 7 7 2 3 7 7 6 7 6 9 7 7 7 7 7 7 7 2 3 7 7 6 7 6 10 7 7 7 7 7 7 7 2 3 7 7 6 7 6 10 7 7 7 7 7 7 7 2 3 7 7 6 7 6 10 7 7 7 7 7 7 7 2 3 7 7 6 7 6 10 7 7 7 7 7 7 7 2 3 7 7 6 7 6 9 7 7 7 7 7 7 7 2 3 7 7 6 7 6 9 7 7 7 7 7 7 7 2 3 7 7 6 7 6 10 7 7 7 7 7 7 7 2 3 7 7 6 7 6 10 7 7 7 7 7 7 7 2 3 7 7 6 7 6 4 3 7 7 6 7 6 2 3 7 7 6 7 6 9 7 7 7 4 4
句降黄龙舞 6 6 4 4 5 6 4 6 6 6 8 8 4 4 8 7 7 7 4 4
句南吕薄媚舞 2 4 6 6 5 6 8 8 6 6 10 10 4 4 8 7 7 7 4 4
渔家傲引 6 6 4 4 4 4 7 7 7 3 7 7 7 7 3 7
霜天晓角 4 5 6 3 3 5 5 6 3 3
菩萨鬘 7 7 5 5 5 5 5 5
月华清 4 4 6 4 6 3 4 3 4 2 5 4 6 5 4 4 6 3 4 3 4 2 4 4
遥天奉翠华引 5 3 4 4 6 5 3 5 4 6 4 3 4 4 6 5 3 5 4 6
四犯令 7 5 7 3 3 7 5 7 3 3
茶瓶儿 6 3 4 7 3 4 6 3 4 7 3 4
五彩结同心 4 4 6 5 3 6 7 3 4 3 4 6 6 5 4 5 3 6 7 3 4 3 4 6
月中仙 4 5 4 4 5 4 5 3 4 5 4 5 7 5 4 4 5 4 5 3 4 5 7
蕊珠闲 3 3 6 6 4 4 4 6 3 6 6 4 6 4 4 6
思佳客令 3 7 7 7 3 7
转调踏莎行 4 4 5 3 4 5 5 3 4 4 5 3 4 5 5 3
前调 7 5 6 6 4 4 4 6 6
卓牌子近 4 6 3 4 6 4 6 3 3 6 5 4 4 6 3 4
剑器近 3 3 4 6 3 3 3 4 6 3 2 5 4 3 5 7 5 6 4 4 6 7
倾杯近 6 5 6 5 4 7 3 7 3 3 5 4 7 4 7 3 5
山花子 7 7 7 3 7 7 7 3
相思引 7 7 4 5 7 7 4 5
归字谣 1 7 3 5
青山远 4 7 7 3 7 7 7 3
东城引 5 5 7 5 4 4 3 4 7 5
亭前柳 5 3 4 5 3 3 3 3 5 3 4 5 3 3 3
十二时慢 3 4 6 3 4 6 3 4 5 3 4 4 6 6 6 4 4 5 5 6
韵令 4 4 5 4 4 4 4 4 5 4 4 5 4 4 4 4 4 5 15 7 5 9
夏初临 4 4 6 4 6 6 3 4 4 4 4 4 4 4 4 11 4 6 4 3 4 3 4 4
惜芳菲 7 6 5 7 7 6 5 7
东坡引 5 5 6 5 4 4 3 3 7 5
桂飘香 4 3 6 4 4 6 7 3 4 3 4 4 6 5 4 4 6 7 3 4 3 6
使牛子 7 6 5 7 7 6 5 7
太平欢 4 5 4 7 6 4 4 5 4 6 6 5 4 7 6 4 4 5 4 6
归国谣 3 7 7 7 3 7
玉莲环 6 4 7 3 3 6 4 7 3 3
赤壁词 4 5 4 7 6 4 4 5 4 6 6 4 5 7 6 4 4 5 4 6
秋波媚 7 5 4 4 4 7 5 4 4 4
月上海棠 7 3 5 4 3 4 3 6 7 3 5 4 3 4 3 6 2 4
真珠帘 7 3 6 4 6 7 3 4 2 5 4 2 4 3 6 5 5 7 3 4 2 5 4
望梅 4 5 4 3 4 5 4 4 3 4 5 4 4 6 5 4 3 4 5 4 4 3 4 3 4 4
洞庭春色 4 4 4 5 4 4 4 7 8 3 5 4 6 3 4 5 4 4 4 7 8 3 5 4
绣停针 3 5 4 4 4 6 4 3 4 6 6 5 5 4 4 4 6 4 3 4 4 6
隔浦莲近拍 6 5 5 6 5 3 5 3 4 6 4 6 7 2 6
上西楼 6 3 6 3 3 3 3 6 3
太平时 7 3 7 3 7 3 7 3
宜男草 7 3 4 3 6 3 4 7 3 4 3 6 3 4
三登乐 4 3 4 3 4 3 3 4 4 4 3 3 4 3 4 3 3 4 4 4
白玉楼步虚词 5 4 4 4 6 6 8 4 6 4 7 6 4 4 5 7 4 16 8 4 5 6 6 4 5 8 4 4 8 3 5 4 8 6 2 4 4 6 4 4 4 4 4 4 9 6 6 8 5 4 6 4 6 7 6 6 10 9 8 12 7 11 4 6 4 6 10 12 5 7 7 5
醉蓬来 5 4 4 4 5 4 4 5 4 4 4 4 4 4 4 4 5 4 4 5 4 4 4
倦寻芳 4 4 4 4 6 3 3 3 5 3 6 4 3 5 4 4 6 4 7 7 3 6
红窗怨 3 3 4 4 6 3 5 7 3 4 3 3 3 4
凤时春 6 5 4 7 4 4 3 4 5 4 8 4 4
泛兰舟 6 5 4 7 4 4 4 6 6 7 4 7 4 4 4 6 3 3 5 4 3 3 7 4
无月不登楼 5 3 4 4 4 6 4 4 4 4 3 4 7 6 4 4 6 5 3 4 2 3 3 3
别素质 4 4 6 6 4 7 8 6 3 4 7 5 4 6 4 7 3 4 3 5 4
归去来兮引 7 5 6 6 7 5 7 3 4 4 4 4 5 5 8 5 5 5 4 7 5 6 3 3 7 5 7 3 4 4 4 5 5 5 8 5 5 5 4 7 5 6 6 7 5 7 3 4 4 4 5 8 5 5 5 4 7 5 6 6 7 5 7 3 4 4 4 5 5 5 3 5 5 5 5 4
照君怨 6 6 5 3 6 6 5 3
五福降中天 7 6 4 4 6 4 5 4 4 7 6 5 3 4 4 6 3 5 4 4 5
太常引 7 3 3 5 3 4 4 4 5 5 3 4
拾翠羽 4 6 3 4 4 4 3 6 4 6 3 4 4 4 9
四和香 7 5 7 3 3 7 5 7 3 3
江城梅花引 7 3 3 4 5 7 3 3 3 2 2 3 3 3 4 3 3 4 5 7 3 3 3
梅弄影 4 5 6 4 5 4 5 6 4 5
锦帐春 4 4 3 4 5 4 4 4 4 3 4 5 4 4
似娘儿 5 3 4 7 4 4 4 5 3 4 7 4 4 4
有有令 4 5 5 5 3 3 3 4 4 4 2 4 3 4 6 5 6 4 3 4
摊破丑奴儿 7 4 4 7 2 3 3 7 4 4 7 2 3 3
别怨 4 3 4 5 7 7 5 3 4 4 6 5 3 3
簇水 4 7 4 7 6 5 3 4 3 3 4 3 3 4 6 6 5 3 5
柳长春 4 4 7 7 7 4 4 7 7 7
辊绣球 5 3 4 4 4 4 4 4 6 3 4 4 4 4 8
祝英台令 3 3 5 4 5 6 4 3 4 3 6 5 4 5 6 4 3 4
一络索 6 4 7 3 3 6 5 7 3 3
一枝花 5 5 5 3 5 5 5 5 6 3 5 5 5 3 5 5 5 4 3 4
糖多令 5 5 3 3 6 3 3 5 5 3 4 7 3 3
王孙信 5 3 4 3 5 3 3 5 3 4 3 5 3 3
唐河传 2 2 4 4 7 2 5 7 3 5 3 3 2 5
河渎神 5 6 7 6 7 6 6 6
千年调 5 5 6 4 4 5 5 3 3 4 5 6 4 4 5 6 3
添字浣溪沙 7 7 7 3 7 7 7 3
醉太平 4 4 7 5 7 7 7 5
出塞 3 5 7 6 6 6 7 6
摊破江城子 7 3 3 4 5 7 3 3 3 2 2 3 3 3 4 3 4 4 5 7 3 3 3
四代好 5 3 6 4 4 4 6 3 4 3 10 6 4 4 11 6 3 4 3 4 4
折红英 3 3 7 3 3 4 4 3 3 3 7 3 3 4 4 3
上平西 3 3 3 3 4 4 7 7 4 3 3 3 3 3 4 4 7 7 4
瑶阶草 5 5 4 5 4 4 4 6 3 4 7 4 7 4 4 4 6
雪狮儿 4 4 4 4 6 4 3 4 3 4 4 6 3 6 4 6 4 3 4 4 6
闺怨无闷 4 4 6 5 4 6 3 5 3 6 4 2 3 3 6 4 4 6 3 5 3 4 6
小桃红 5 5 4 4 4 8 5 5 5 4 4 4 3 5 5
芭蕉雨 6 5 3 6 6 4 6 5 5 3 3 3 6 4
红娘子 5 5 4 4 4 8 5 5 5 4 4 4 3 5 5
酷相思 7 3 3 3 5 3 3 3 3 7 3 3 8 3 3 3 3
望秦川 5 5 7 6 3 5 5 7 6 3
摊破南乡子 5 3 4 7 4 4 4 5 3 4 7 4 4 4
入塞 3 3 3 5 5 3 3 7 3 4 7 3 3
番枪子 7 5 3 6 7 5 3 6 4 5 3 6 7 8
且坐令 3 5 7 5 4 4 4 3 5 3 3 7 6 7 5
霜天晓月 4 5 6 3 3 2 3 5 6 3 3
赤枣子 3 3 7 7 7
凤凰阁 5 6 7 6 4 3 4 4 6 7 4 6 3 4
厅前柳 3 3 3 3 6 3 3 3 3 5 7 5 3 3 3
江南好 3 5 7 7 5 3 5 7 7 5
双头莲令 7 5 7 5 7 5 7 5
伊洲三台 6 6 5 3 4 6 6 5 3 4
瑞云浓慢 4 4 6 4 4 6 4 8 3 5 4 3 3 3 5 4 4 6 4 3 4 6 4
彩凤飞 3 3 5 5 4 3 3 4 3 6 3 6 5 3 6 3 3 4 5 4
玉人歌 3 5 4 4 5 7 5 3 4 4 5 5 4 4 5 7 5 3 6
梦游仙 3 5 7 7 5 3 5 7 7 5
醉高楼 3 5 3 3 7 7 3 3 3 3 5 3 5 3 3 7 7 3 3 3
辘轳金井 4 3 6 4 5 4 3 4 4 4 4 3 4 5 4 4 5 4 3 4 4 4 4
四字令 4 4 6 5 4 4 6 5
四犯翦梅花 4 3 9 4 8 4 3 7 4 4 7 3 4 5 7 4 8 4 3 7 4 4 7
竹香子 6 6 7 5 6 3 4 7 6
冉冉云 7 3 4 3 6 3 4 7 3 4 3 6 6
小重山令 7 5 3 7 3 5 5 5 3 7 3 5
江梅引 7 3 3 4 5 7 3 3 3 7 3 3 4 3 4 4 5 7 3 3 3
莺声绕红楼 3 14 3 4 7 5 5 3 4 7 5
鬲溪梅令 7 3 9 5 7 3 9 5
醉吟商小品 2 4 6 5 4 4 11 4 8 6 4 9 6 4 5 6 4
玉梅令 3 4 4 7 8 5 3 4 5 5 4 4 4 4 3 4 5 5 3 4
霓裳中序第一 1 16 5 5 4 4 9 4 4 5 4 5 8 4 4 14 7 6 5 4 4 3 4 3 4 5 2 4 3 4 6 4 4 5 3 4 3 4 5
庆宫春 6 7 7 7 4 5 3 11 4 4 4 7 4 4 4 5 6 5 4 7 6 4 5 2 2 6 4 6 4 10 4 6 4 4 6 4 3 4 4 4 4 6 4 4 4 4 6 4 3 4 4 4 4
一萼红 3 4 4 5 2 2 5 4 7 4 7 3 3 4 4 4 7 5 5 4 4 6 3 4 3 5 4 4 4 6 5 4 4 4 6 3 4 3 5 6 4
眉妩 5 4 5 5 3 6 4 3 4 3 5 5 2 4 5 4 5 3 6 4 3 4 5 3 3
清波引 5 8 4 4 4 4 4 8 3 4 4 5 5 6 6 3 3 4 3 4 4 5 5 6 6 4
琵琶仙 1 6 3 9 8 3 6 6 5 3 4 3 4 4 4 4 3 4 3 5 6 5 3 4 3 4 6 4
探春慢 5 7 6 3 9 8 4 4 7 3 9 4 6 4 4 6 5 3 4 6 6 6 5 4 4 4 6 5 3 4 4 6
八归 4 4 6 7 6 4 7 3 4 3 4 5 6 4 6 4 4 6 5 7 3 4 4 5
扬州慢 5 4 4 4 4 4 5 19 4 6 5 5 7 4 4 3 4 4 4 3 4 5 4 4 6 3 4 5 6
长亭怨慢 3 10 4 4 4 4 4 9 4 4 4 4 7 4 3 3 5 3 4 2 5 6 4 3 4 3 4 3 4 5 6
淡黄柳 2 4 4 8 5 7 6 7 3 5 3 3 8 4 4 6
石湖仙 4 5 4 5 3 4 4 3 4 2 3 4 6 3 4 4 6 4 4 4 3 6
暗香 3 6 6 4 6 6 5 4 4 7 6 3 4 3 4 5 2 3 5 4 4 7 6 3 4 3 3 4
疏影 4 5 4 4 4 6 7 3 4 3 4 6 6 5 4 4 4 6 7 3 4 3 4 6
惜红衣 6 4 4 4 6 4 10 4 4 4 5 4 3 4 2 4 5 4 4 5 6 3 6 6 5 6
角招 4 7 3 5 4 7 4 4 5 6 5 3 7 8 4 6 9 6 4 5 4 4 4 3 4 6 6 5 2 4 4 5 5 4 4 4 3 4 6 3 3 3
征招 3 4 9 6 7 7 6 2 3 3 8 4 18 4 8 5 5 5 6 5 4 5 4 3 8 9 8 5 6 7 9 6 9 8 10 5 5 13 15 8 9 5 9 2 6 8 6 4 6 4 6 5 8 15 4 5 8 12 15 6 5 5 5 3 4 4 4 4 2 3 3 6 5 5 5 3 4 3 4 5
秋宵吟 3 3 6 3 5 4 3 3 6 3 5 4 4 3 4 4 4 5 5 4 4 3 4 6
凄凉犯 3 4 5 4 4 5 4 5 5 5 7 6 4 8 9 4 9 1 1 1 5 5 5 5 4 9 4 7 1 2 4 9 8 4 10 3 6 4 4 4 4 7 3 4 5 5 4 4 4 3 4 4 7 3 4 3
翠楼吟 6 9 6 7 6 4 11 4 6 5 3 4 4 5 4 3 4 4 2 4 5 4 5 3 4 4 5 4 3 4 4
湘月 3 6 8 2 3 2 2 6 4 4 4 6 7 3 3 3 5 4 9 6 7 5 5 9 5 4 4 3 6 4 4 5 4 6 6 4 5 4 3 6 4 4 5 4 6
乳燕飞 5 3 4 4 7 6 3 4 7 3 5 3 3 7 3 4 4 7 6 3 4 7 3 5 3 3
哨篇 5 4 4 5 5 3 4 4 5 7 5 4 6 8 8 4 4 4 1 4 7 5 6 5 4 7 5 4 6 3 5 8 7 6 5 6 4 4 7 7
月宫春 7 5 7 5 7 7 6 5
明月棹孤舟 7 3 4 4 4 6 7 3 4 4 4 6
百字令 4 5 4 7 6 4 4 5 4 6 6 4 5 7 6 4 4 5 4 6
绕池游慢 4 5 4 7 3 4 5 3 4 4 4 4 6 5 4 6 2 4 5 3 4 4 4 4
鹧鸪词 7 7 7 7 7 7 7 7
步虚词 6 6 7 6 6 6 7 6
壶中天 4 5 4 7 6 4 4 5 4 6 6 4 5 6 3 4 4 4 5 4 6
绮罗香 4 4 6 4 6 3 4 3 4 3 4 7 6 6 4 4 6 3 4 3 4 3 4 5
双又燕 4 5 4 4 6 6 3 4 6 6 2 4 5 4 4 6 6 3 4 6 6
阳春曲 3 3 6 5 3 7 4 3 4 6 3 4 5 7 4 6 3 4 6 3 4 3 4 5
海棠春令 7 3 4 5 5 7 3 4 5 5
三姝媚 5 5 4 4 5 4 4 3 4 4 4 4 6 5 4 4 5 4 4 3 4 6 4
寿楼春 5 5 4 6 4 3 3 3 4 5 4 5 3 3 5 4 6 4 3 3 3 4 5 7
探芳信 3 5 4 5 5 7 5 3 4 4 5 5 4 4 6 7 4 3 6
玉簟凉 4 5 4 5 5 6 3 4 3 5 4 2 4 4 6 5 5 6 3 4 3 3 4
湘江静 7 3 4 4 4 5 5 3 4 4 4 3 3 3 3 3 4 4 4 5 5 3 4 4 4 4
过龙门 5 4 7 7 4 5 4 7 7 4
月当厅 7 4 4 4 6 6 3 5 3 4 4 7 3 6 4 6 7 7 3 3 5
换巢鸾凤 4 5 4 5 5 7 4 4 3 3 4 2 3 4 5 4 4 6 7 7 3 3 4
龙吟曲 6 7 4 4 4 4 4 4 5 4 3 3 6 3 4 4 4 4 4 4 4 5 4 4
醉公子 5 4 4 4 4 4 3 3 4 4 5 4 5 7 5 3 4 4 4 3 3 4 4 3 4 5
步月 4 4 6 4 5 3 4 3 4 3 4 5 2 3 5 4 4 5 3 4 3 4 3 7
玉楼人 7 3 4 6 3 4 7 3 4 6 3 4
千秋岁引 4 5 3 3 7 7 3 3 3 3 5 11 3 5 3 3 7 7 3 3 3
唐多令 5 5 3 4 7 3 3 5 5 3 4 7 3 3
锦园春三犯 4 5 7 4 8 4 3 7 4 4 7 6 5 7 4 8 4 3 7 4 4 7
夜飞鹊慢 5 4 6 7 6 5 5 4 4 3 4 6 5 4 6 4 4 4 3 4 5 4 4
醉梅花 3 5 4 7 7 4 6 4 4 4 15 7 7 7 3 3 7 7 7
小阑干 7 4 4 4 4 7 5 4 4 4
倚阑令 3 3 3 7 3 6 3 4 7 3
月城春 4 5 5 4 8 4 3 7 4 4 5 6 5 7 4 8 4 3 7 4 4 7
松江哨遍 4 9 8 4 10 4 4 4 5 11 4 4 4 3 5 6 4 4 5 4 4 4 4 7 4 13 5 7 3 3 3 5 4 9 8 4 7 5 5 8 8 9 7 5 16 6 4 7 5 4 4 7 9 11 4 6 8 4 5 3 5 7 3 6 7 5 4 6 8 8 4 4 4 1 4 7 5 3 3 5 4 7 5 4 6 8 8 3 4 5 5 4 4 8 3 4
塞翁吟 5 7 3 3 5 7 6 3 3 5 2 3 4 3 4 3 4 3 4 4 4 4 4
蕙兰芳 4 3 4 5 6 4 3 4 5 6 4 4 4 5 6 4 4 3 6
贺新凉 5 3 4 4 7 6 3 4 7 3 5 3 3 7 3 4 4 7 6 3 4 7 3 5 3 3
疏帘淡月 4 5 4 4 6 7 3 4 4 4 4 3 4 5 4 4 6 7 3 4 4 4 4
貂裘换酒 5 3 4 4 7 6 3 4 7 3 5 3 3 7 3 4 4 7 6 3 4 7 3 5 3 3
淮甸春 4 5 4 7 6 4 4 5 4 6 6 4 5 7 6 4 4 5 4 6
如此江山 7 6 4 4 6 4 5 4 4 7 6 5 4 4 4 6 4 5 4 4 5
钓船笛 5 6 6 5 7 5 6 5
广寒秋 4 4 6 7 3 4 4 4 6 7 3 4
月当窗 4 5 6 3 3 2 3 5 6 3 3
山渐青 3 3 7 5 3 3 7 5
碧云深 3 7 3 4 4 7 7 3 4 4
南浦月 4 7 4 5 4 5 3 4 5
沙头雨 4 7 4 5 4 5 3 4 5
花自落 3 6 7 5 6 6 7 5
垂杨碧 3 6 7 5 6 6 7 5
阑干万里心 7 7 7 3 7
杏梁燕 4 5 4 3 4 5 4 4 3 4 5 4 4 6 5 4 3 4 5 4 4 3 4 5 6
比梅 6 6 5 6 2 2 6
月上瓜洲 6 3 6 3 3 3 3 6 3
月底修箫谱 3 3 5 4 5 6 4 3 4 3 6 5 4 5 6 4 3 4
一丝风 7 5 6 5 3 3 3 4 4 4
忆萝月 4 5 7 6 6 6 6 6
倚秋千 5 6 6 5 7 5 6 5
断肠声 5 5 7 6 3 5 5 7 6 3
转调二郎神 4 3 4 5 4 6 7 3 4 5 4 4 2 4 4 5 4 6 4 4 6 5 4 4
金菊对芙蓉 3 14 4 6 5 4 7 3 4 4 4 4 6 5 4 5 4 7 7 4 4 4
孤鸾 4 5 4 5 5 6 3 4 6 5 3 5 5 4 5 5 6 3 4 6 5
龙山会 5 4 5 5 3 6 5 3 4 3 4 4 6 4 5 5 3 6 5 3 4 3 4 4
芙蓉月 5 3 6 4 6 6 6 3 3 6 5 5 4 4 6 6 3 3 3 3 4
愁蕊香 4 4 6 5 5 3 5 6 3 4 4 6 5 4 3 5 3 5 6 3 4 4
徵招 7 6 5 5 5 3 4 4 4 4 2 3 3 6 5 5 5 3 4 3 4 5
忆旧游慢 5 4 4 5 5 4 6 5 5 4 4 2 3 5 4 5 5 4 6 5 5 7
薄媚摘遍 3 3 5 3 3 6 4 4 5 4 4 3 6 5 3 3 3 4 4 4 5 4 4
燕春台 4 4 6 4 6 6 3 4 4 4 4 4 4 4 4 4 6 4 3 4 3 5 4
水调歌 5 5 4 7 6 6 5 5 5 3 3 3 4 7 6 6 5 5 5
双瑞莲 5 5 4 4 6 6 3 4 3 4 4 6 5 4 4 6 6 3 4 3 6
荔支香近 4 5 6 5 6 5 2 7 4 5 4 6 4 7 6
凯歌 5 5 6 5 6 6 5 5 5 3 3 3 6 5 6 6 5 5 5
飞雪满堆山 4 4 6 4 4 6 5 3 4 4 4 5 3 5 4 4 4 4 6 5 3 4 4 7
金缕曲 5 3 4 4 7 6 3 4 7 3 5 3 3 7 3 4 4 7 6 3 4 7 3 5 3 3
安庆摸 3 4 6 7 6 3 5 5 4 5 4 5 3 6 6 7 6 3 5 5 4 5 4 5
花发沁园春 4 4 6 4 4 6 4 3 4 7 6 6 5 4 4 4 6 4 3 4 3 4 6
海棠春 7 3 4 5 5 4 4 6 5 5
昼锦堂 4 4 6 6 4 7 7 3 4 6 5 3 6 6 4 7 7 3 6 4
秋夜雨 7 6 5 3 4 7 3 4 6 3 4
百字谣 4 5 4 7 6 4 4 5 4 6 6 4 5 6 6 4 4 5 4 6
满宫春 3 3 6 7 6 3 3 6 7 6
荷叶杯 6 2 5 7 5 6 2 5 7 5
后庭花 7 4 7 4 7 4 7 4
措鱼儿 3 4 6 7 6 3 5 5 4 5 4 5 3 6 6 7 6 3 3 7 4 5 4 5
城头月 7 5 4 4 5 7 5 4 4 5
渡江云三犯 5 4 5 5 4 5 4 3 4 3 4 5 2 4 4 5 3 4 4 7 3 4 3 6
拜星月慢 4 4 6 4 5 3 2 6 6 4 5 3 5 3 5 6 5 3 5 3 5 3 4 5
隔浦莲近 6 5 5 6 5 3 5 3 4 6 4 6 7 2 6
垂丝钓近 4 6 4 4 3 5 3 5 4 6 4 5 5 3 5
浪淘沙慢 3 4 4 6 6 3 5 3 4 8 5 2 6 8 5 5 4 4 3 6 7 3 4 3 5 3 4 3 7
西平乐慢 4 4 6 4 4 6 7 6 4 6 6 3 5 4 4 4 4 3 4 4 6 4 7 4 4 4 4 4 6
西子妆慢 4 4 6 7 3 4 4 3 4 3 5 4 3 4 5 7 3 4 4 3 4 3 6
江南春 4 4 6 4 3 4 5 3 4 3 4 4 6 3 3 5 4 4 3 4 5 3 4 4 4 6
梦芙蓉 5 5 4 4 5 5 6 4 5 5 6 4 5 4 5 5 6 4 5 5
高山流水 7 3 4 5 6 3 4 3 6 4 5 5 2 5 3 4 5 6 3 4 3 6 4 5 5
霜花腴 4 3 6 4 4 6 4 3 4 3 4 7 6 5 4 4 4 6 4 3 4 3 4 5
澡兰香 4 4 6 4 4 6 3 4 6 6 4 6 4 4 4 4 6 3 4 6 3 4 4
玉京谣 7 13 19 4 5 4 6 3 4 3 4 3 4 4 7 3 5 4 6 3 4 3 4 3 6
探芳新 3 5 4 4 6 6 3 3 3 3 6 6 5 4 4 6 6 3 3 3 3 4
凤池吟 4 4 6 5 4 4 4 7 4 4 4 6 5 4 5 4 4 4 7 3 3 4
暗香疏影 4 5 4 4 6 6 3 4 3 4 5 6 5 4 4 4 6 7 3 4 3 4 6
双双燕 4 3 6 4 6 6 3 4 6 6 2 4 3 6 4 6 6 3 4 4 6
秋思 5 3 6 4 4 4 5 7 3 3 5 4 6 4 2 4 3 4 4 4 4 3 4 5 3 3 5 6 6
珍珠帘 7 3 6 5 5 7 3 4 2 5 4 6 5 4 5 5 7 3 4 2 5 4
莺啼序 6 5 3 4 6 3 4 7 5 6 4 4 5 3 4 6 3 4 3 4 3 4 4 4 4 5 3 4 4 4 4 4 4 7 3 5 4 6 6 4 4 5 3 4 4 4 4 4 4 7 3 5 6 4 4
惜秋华 4 3 6 4 6 6 3 4 2 3 6 5 5 4 3 3 4 6 3 4 2 3 4
十二郎 4 3 4 5 4 6 7 3 4 5 4 4 2 4 4 5 4 6 4 4 6 3 4 6
高阳台 4 4 6 4 6 7 3 4 3 4 4 7 5 4 4 6 7 3 4 3 4 4
新雁过妆楼 4 3 6 4 6 7 7 3 4 4 6 5 4 4 6 6 8 3 5 4
梦行云 5 3 3 4 5 7 5 4 4 3 3 4 5 7 5
瑶华 4 4 5 4 3 6 4 3 4 3 5 6 6 5 4 4 3 6 4 3 4 3 4 6
思桂客 7 7 7 7 3 3 7 7 7
虞美人影 7 6 6 5 7 6 6 5
花上月令 7 3 3 7 3 3 3 7 3 3 7 3 3 3
金缕歌 5 3 4 4 7 6 3 4 7 3 5 3 3 7 3 4 4 7 6 3 4 7 3 5 3 3
探芳讯 3 5 4 5 5 7 5 3 4 4 5 5 4 4 5 7 5 3 6
章台月 4 7 7 4 5 7 7 7 4 5
摸鱼子 3 4 6 7 6 3 5 5 4 5 4 5 3 6 6 7 6 3 3 7 4 5 4 5
台城路 7 6 4 4 6 4 5 4 4 7 6 5 4 4 4 6 4 5 4 4 5
阳关三叠 4 5 5 4 5 3 4 7 4 5 3 4 4 5 3 7 3 4 3 3 4 4 5 5 3 4 4 5 3 4 5
常裹吕公巾。烛影摇红 4 7 7 5 6 3 4 4 4 4 4 7 7 5 6 3 4 4 4 4
。 7 4 5 4 7 7 4
乐语 12 7 4 7 4 4 4 4 7 4 7 4 8 8 4 6 3 6 4 4 5 8 5 8 6 6 6 4 4 12 8 7 7 7 7 7 7 9 7 5 6 4 4 16 4 4 4 4 4 4 4 4 4 10 4 4 6 4 6 10 4 4 6 4 6 11 4 4 4 4 4 11 4 4 6 4 6 12 4 4 6 4 6 10 4 5 4 5 4 10 4 7 4 7 4 8 8 3 2 2 2 2 2 4 4 9 4 9 4 9 9 7 7 6 6 4 4 7 7 4 4 5 7 5 7 5 4 7 7 7 7 7 7 7 7 5 8 4 4 4 5 3 4 3 5 4 2 4 7 4 4 4 4 3 4 3 5 4 10 4 4 4 7 7 4 4 6 6 4 4 11 5 7 5 6 6 7 5 10 5 7 5 7 5 7 5 10 5 7 5 6 3 4 7 5 6 6 4 6 4 4 4 4 8 4 6 4 4 4 10 7 7 7 8 7 7 4 4 5 10 7 7 7 8 7 8 4 4 5 10 7 7 7 8 7 7 4 4 5 10 7 7 7 8 7 7 3 4 5 10 7 7 7 8 7 7 4 4 5 6 6 4 6 4 4 4 4 8 6 4 6 6 6 6 4 4 7 4 7 4 4 5 6 6 6 6 4 5 6 5 6 7 7 5 4 6 6 7 7 7 7 7 7 7 7 5 4 6 4 4 6 4 5 4 4 5 4 3 4 6 6 4 6 4 4 6 4 4 6 3 4 4 4 3 7 6 4 4 1 6 6 2 4 4 4 6 4 6 4 6 4 4 4 11 7 7 7 7 7 7 7 8 4 5 7 6 7 4 5 7 6 11 7 7 7 7 7 7 7 8 4 5 7 7 7 4 5 7 7 11 7 7 7 7 7 7 7 8 4 5 7 7 7 4 5 7 7 11 7 7 7 7 7 7 7 8 4 5 7 7 7 4 5 7 7 11 7 7 7 7 7 7 7 8 4 5 7 7 7 4 5 7 7 11 7 7 7 7 7 7 7 8 4 5 7 7 7 4 5 7 7 11 7 7 7 7 7 7 7 8 4 5 7 7 7 4 5 7 7 11 7 7 7 7 7 6 7 8 4 5 7 7 7 4 5 7 7 11 7 7 7 7 7 7 7 8 4 5 7 7 7 4 5 7 7 11 5 7 7 7 5 7 7 8 4 5 7 7 7 4 5 7 7 9 4 5 7 7 4 4 5 7 7
宝鼎见 4 4 4 3 4 7 3 5 6 3 4 6 7 3 4 3 4 7 3 5 6 3 4 6 6 7 5 6 3 4 5 3 4 6
探春 4 4 6 4 4 6 5 3 4 6 6 6 5 4 4 4 6 5 3 4 4 6
明月引 7 3 3 4 5 7 3 3 3 7 3 3 4 3 4 4 5 7 3 3 3
蛮绣衾 7 3 4 3 3 3 4 7 3 4 3 3 3 4
三犯渡江云 5 4 5 5 4 5 4 3 4 3 4 5 2 4 4 5 3 4 4 7 3 4 3 6
西湖明月引 7 3 3 4 5 7 3 3 3 7 3 3 4 3 4 4 5 7 3 3 3
氏州第一 4 4 6 4 4 6 4 3 4 4 4 4 7 3 4 4 4 5 3 3 7 4 3 4
西窗烛 4 4 6 7 5 4 3 4 6 3 8 6 7 3 6 3 4 6
春声碎 5 6 4 4 5 3 5 3 3 5 6 4 5 4 3 6 6
双调望江南 3 5 7 7 5 3 5 7 7 5
归国遥 3 7 7 7 3 7
摘红英 3 3 7 3 3 4 4 3 3 7 3 3 4 4
大圣乐 4 4 6 8 7 9 6 4 5 6 6 6 9 4 4 4 3 4 3 4 4 7 3 6 3 4 4 3 7 3 4 4 8 4 7 3 5 4
忆江南 5 4 8 6 6 5 7 7 5 3 5 7 7 5 8 3 5
， 4 6 6 5 5 5 3 3 3 6 5 6 6 5 5 5
楚宫春 4 5 4 4 6 6 3 4 4 3 4 6 6 3 6 4 6 6 3 4 4 3 4 6
露华 4 5 4 4 6 6 3 4 3 4 4 6 5 4 4 6 6 3 4 3 6
绣鸾凤花犯 3 4 5 4 5 4 7 5 3 4 5 7 3 6 3 3 4 3 4 3 5 3 4 5
瑶花慢 4 5 4 11 6 4 15 4 5 4 3 6 4 3 4 3 4 6 6 5 4 4 3 6 4 3 4 3 4 6
采绿吟 3 15 4 3 8 4 4 2 3 4 5 6 4 4 10 6 4 4 4 5 3 6 3 3 6 5 3 6 5 5 3 4 3 5 3 4 4
曲游春 6 7 5 5 8 4 6 8 15 13 5 4 4 5 4 5 3 4 3 4 6 2 4 5 4 4 5 4 5 3 4 3 4 4
南楼令 5 5 3 4 7 3 3 5 5 3 4 7 3 3
一枝春 6 4 4 6 6 11 3 6 4 6 4 3 4 3 4 6 6 5 4 4 6 4 3 4 3 4 4
绿盖舞风轻 5 4 5 4 5 4 4 3 4 3 4 4 6 5 4 4 3 6 4 3 4 3 6
齐开乐 6 4 4 4 9 4 8 8 11 6 4 4 6 4 5 4 4 7 6 5 4 4 4 6 4 5 4 4 5
月边娇 4 5 4 4 4 6 4 3 4 4 3 4 6 4 4 4 4 6 4 3 4 4 5
倚风娇近 4 6 4 3 5 5 4 6 4 6 6 7 3 7
闻鹊喜 3 6 7 5 6 6 7 5
吴山青 3 3 7 5 3 3 7 5
甘州 3 5 5 5 4 4 6 5 5 4 6 5 4 5 5 3 4 3 5 3 4 4
夷则商国香慢 4 5 4 6 4 6 3 4 5 4 4 5 5 4 4 6 6 3 4 5 4 4
献仙音 4 4 6 4 4 6 6 5 3 3 4 5 4 5 3 4 4 3 4 5 6
渔父词 7 7 3 3 7
欸乃词 3 3 7 7 7
湘灵瑟 4 5 4 3 3 3 6 5
惜余春慢 4 4 6 4 4 6 6 4 4 3 4 6 3 4 4 6 4 4 6 6 4 4 3 4 6
买陂塘 3 4 6 7 6 3 5 5 4 5 4 5 3 6 6 7 6 3 3 7 4 5 4 5
凤鸾双舞 3 4 5 4 4 4 4 3 5 4 8 4 4 4 3 4 4 5 4 3 6 2 5
淡黄柳又次冬，公谨自剡还，执手聚别，且复别去。怅然於怀，敬赋此解 4 5 7 6 7 3 5 3 3 3 5 4 4 6
长亭怨 3 4 4 4 4 7 4 3 3 5 3 4 2 5 6 4 3 4 3 4 3 4 5 6
又 4 5
失调名 4
潇湘神 3 3 7 7 7
夏日燕黉堂 3 5 4 5 5 7 3 4 5 4 4 5 5 4 4 5 7 3 4 5 4 4
大江东去 4 3 6 7 6 4 4 5 4 6 6 4 5 7 6 4 4 5 4 6
小秦王 7 7 7 7
八拍蛮 7 7 7 7
桃园忆故人 7 6 6 5 7 6 6 5
燕归来 3 3 5 7 5 3 3 3 3 7 5
睡花阴令 4 6 3 4 5 4 3 4 3 4 5
爱月夜眠迟 4 5 4 4 4 6 6 4 5 5 4 6 5 4 6 4 4 6 6 3 4 4
阳台怨 5 6 7 5 5 6 7 11 7 7 5 3 5 7 7 5
八犯玉交枝 4 4 6 7 6 4 6 7 6 4 6 4 6 3 4 3 4 3 4 7 5 7
荐金蕉 7 5 7 4 5
越山青 3 3 7 5 3 3 7 5
春夏两相期 3 4 6 4 6 7 7 4 4 4 6 5 4 4 6 7 7 4 4 4
纷蝶儿 4 6 3 4 3 3 4 3 6 4 6 3 4 2 3 4 3 6
翠羽吟 13 11 6 4 8 4 4 4 4 3 3 5 4 7 6 6 3 4 6 7 4 4 6 4 5 6 6 5 3 4 6 6 4 4 4
忆旧游余离群索居，与赵元父一别四载。癸巳春，于古杭见之，形容憔悴，故态顿消。以余之况味，又有甚于元父者，抑重余之惜，因赋此调，且寄元父，当为余愀然而悲也 5 4 4 5 5 4 6 5 5 4 4 2 3 5 4 5 5 4 6 5 5 7
瑶台聚八仙 4 3 6 4 6 7 7 3 4 4 6 5 4 4 6 6 8 3 4 4
梅子黄时雨 4 5 4 5 4 6 7 3 4 4 2 4 5 4 5 4 7 7 3 6
湘月余载书往来山阴道中，每以事夺，不能尽兴。戊子冬晚，与徐平野、王中仙曳舟溪上。天空水寒，古意萧飒。中仙有词雅丽，平野作晋雪图，亦清逸可观。余述此调，盖白石念奴娇鬲指声也。 4 5 4 7 6 4 4 5 4 6 6 4 5 7 6 4 4 5 4 6
斗婵娟 4 3 6 7 5 3 4 7 5 7 4 6 4 6 7 5 3 4 7 3 3 4 4
暗香海滨孤寂，有怀秋江、竹闲二友。别本作海滨孤寂，鱼浪不来，寄李商隐。 4 5 4 4 7 6 3 4 3 4 5 2 3 5 4 4 7 6 3 4 3 3 4
潇潇雨 5 3 5 5 4 4 6 5 5 4 6 5 4 5 5 3 4 3 5 3 4 4
数花风 4 6 7 6 4 3 4 4 6 7 6 4 3 4
红情 4 5 4 4 7 6 3 4 1 4 5 2 3 5 4 4 7 6 7 3 3 4
绿意 4 5 4 4 4 6 7 3 4 3 4 6 6 3 6 4 4 6 7 3 4 3 4 6
珍珠令 7 3 7 5 5 7 3 4 5 4
渔歌子 7 7 3 10 6 4 6 7 3 3 7
惜馀春慢 4 4 6 4 4 6 6 4 4 5 4 4 3 4 4 6 4 4 6 6 4 4 5 4 4
上林春慢 4 4 6 4 4 6 4 3 4 3 5 4 3 4 3 6 4 4 6 4 3 4 3 3 4
满庭芳慢 4 4 6 4 5 6 3 4 3 4 5 5 4 4 5 4 6 3 4 3 4 5
黄金缕 7 4 5 7 7 7 4 5 7 7
望江南二首 3 5 7 7 5 3 5 7 7 5 4 5 7 7 5 3 5 7 7 5
柳摇金 7 3 4 7 3 4 7 3 4 7 3 4
忆君王 7 7 7 3 7
锦缠绊 4 6 7 7 4 5 3 5 3 4 7 4 5
向湖边 4 4 6 4 5 3 4 4 6 4 5 4 5 5 5 4 5 8 3 7 4 5
雪明鳷鹊夜慢 7 3 4 5 4 7 3 4 3 4 4 6 5 4 3 5 6 3 5 5 4
凤皇枝令 3 5 12 5 8 6 4 5 5 6 4 4 9 4 4 7 9 3 4 7 7 3 5 6 7 7 3 5
明月照高楼慢 4 4 4 5 5 4 6 6 4 3 5 2 5 4 4 5 5 4 6 6 7 3
尉迟杯慢 3 7 6 6 5 3 5 7 6 6 5 4 4 4 6 7 3 5 3 4 6
钿带长中腔 3 6 4 4 4 5 6 6 4 7 4 5 6
春草碧 5 5 4 3 5 4 4 3 4 7 5 2 5 5 4 3 5 4 4 3 4 4 3 3
三台 7 6 3 5 3 4 3 5 3 4 3 4 3 4 7 6 3 5 3 4 3 5 3 4 3 4 3 4 7 6 3 5 3 4 3 5 3 4 3 4 3 4
恋芳春慢 4 4 6 4 6 6 3 4 3 4 6 4 4 4 4 4 6 6 3 4 3 6 4
卓牌儿 5 3 4 4 4 4 4 5 3 4 6 3 4 4 4 3 4 4 5 4 3 6 2 5
快活年近拍 5 5 5 5 4 4 4 6 3 4 5 4 5 4 4 4 6
别瑶姬慢 4 5 4 5 5 4 4 4 5 3 5 4 3 4 5 4 5 5 4 4 4 5 3 7
江神子慢 5 3 5 3 3 6 3 7 3 5 6 6 6 5 4 3 3 6 3 7 3 5 6 4
踏青游 4 6 3 4 3 3 4 3 6 6 4 6 3 4 3 3 4 3 6 6
解珮令 4 4 3 4 4 3 4 3 4 4 4 3 4 4 3 4 3 4
临江山 6 6 7 5 5 6 6 7 5 5
独脚令 7 7 7 3 7
苏武令 4 4 6 4 4 6 3 4 3 4 3 4 4 6 4 4 6 5 4 4
婆罗门外 4 7 6 6 5 5 4 4 3 3 4 6 4 3 5 3 4
忆真妃 6 3 6 3 3 3 3 6 3
宣州竹 7 5 7 6 3 7 4 7 6 3
小冲山 7 5 3 7 3 5 5 5 3 7 3 5
秦刷子 5 6 6 6 7 5 6 4
石州词 4 4 4 6 6 4 6 7 5 5 2 6 6 6 4 5 5 5 5 5
人月圆令 7 5 4 4 4 4 4 4 4 4 4
撒金钱 3 3 6 5 3 4 6 4 4 3 4 3 3 7 3 3 4
摊破诉衷情 7 5 7 5 3 3 5 7 5
远朝归 4 5 4 4 6 4 3 4 3 5 4 6 5 4 4 6 4 3 4 3 3 4
凤凰台忆吹箫 4 4 6 3 4 4 6 3 4 3 4 4 6 3 6 3 4 4 6 3 4 3 6
孤馆深沉 7 5 5 4 4 3 4 5 3 4 6
减兰十梅 6 4 7 7 4 4 4 4 6 6 4 6 4 6 7 7 4 4 4 6 4 6 6 6 7 7 6 6 4 7 4 7 7 7 4 4 4 4 7 7 6 4 7 7 4 4 4 4 4 6 4 6 6 6 4 4 6 6 4 4 4 7 4 7 4 7 4 7
玉交枝 7 7 4 5 7 7 4 5
遂宁好 4 4 6 6 4 4 6 6 3 5 7 7
孟家蝉 5 4 4 6 5 6 3 4 3 4 4 2 5 4 4 4 6 6 3 4 3 4 4
极相思令 7 5 4 4 4 7 3 4 4 4 4
伊川令 7 5 6 6 6 12 3 4
期夜月 7 5 3 3 4 6 2 7 5 3 3 4 6 6 4 4 6 5 2 7 6 5 4 6
西楼月 7 3 3 7 7
恨欢迟 4 4 4 3 6 4 3 5 3 4 3 6 4
梦兰堂 7 6 6 3 4 3 3 3 4 6 7
桂华明 7 5 7 3 3 7 5 7 3 3
忆少年令 4 4 5 4 4 5 7 5 4 4 5
瑞鹤仙令 7 6 7 5 5 7 6 7 5 5
荷叶铺水面 4 5 7 5 7 5 5 6 5 5 3
导引 4 5 5 7 5 7 5 7 5 4 5 5 7 5 7 5 7 5
六州 3 5 3 3 5 3 4 5 4 3 4 5 4 4 4 5 3 6 3 3 5 3 4 3 6 3 4 5 4 4 4 5
越江吟 7 2 7 4 5 7
阳关引 5 5 7 3 5 5 3 7 5 3 3 7 5 5 3 7
正宫 7 5 3 4 4 3 4 3 4 2 4 4 3 3 3 4 4 3 3 3 6 3 3
千秋万岁 3 5 4 3 3 5 7 3 3 3 7 7 7 3 5 7 3 3 3
浪淘沙近 4 4 7 3 4 2 2 7 4 7 3 3 2 2
折红梅 5 4 4 3 4 6 4 3 4 4 4 5 4 4 5 4 3 4 6 4 3 4 4 4 5 4
宴瑶池 7 5 3 4 3 4 6 3 4 3 4 3 4
解仙佩 6 3 4 7 3 4 6 7 6 3 4
阳台梦 4 5 6 7 3 3 7 5 7 4 3 3
望南云慢 4 5 4 4 5 5 5 3 4 4 4 4 2 4 4 6 4 5 4 5 3 4 4 4 4
折新荷引 4 6 4 6 4 3 4 6 4 4 6 4 6 4 3 4 2 4 4
梅花曲 5 5 6 3 4 5 5 3 5 4 6 3 5 3 3 3 3 7 6 3 5
花发状元红慢 4 4 5 4 3 6 5 7 3 5 4 6 4 4 4 3 3 4 5 7 3 5 4
映山红慢 4 3 4 5 4 4 7 7 5 6 3 4 3 4 3 4 6 7 3 4 4 3 4
家山好 7 3 3 7 3 3 3 7 5 4 7 5
合宫歌 3 5 5 6 7 4 5 6 6 7 3 4 5 3 3 3 5 6 7 4 5 4 4 4 5 5 6 3
喜长新 7 4 7 6 6 4 7 6
赏南枝 5 5 4 5 3 6 3 3 3 4 3 4 5 6 4 5 5 3 6 3 3 3 4 3 4 5
平调发引 4 5 5 7 5 7 5 7 5
甘露歌 7 5 7 5
蜡梅香 4 5 4 5 5 4 4 3 4 4 4 4 5 5 4 5 3 5 4 3 4 4 4 4
古调歌 3 3 4 5 7 4 5 3 3 4 5 7 4 5
望梅花 4 6 7 6 7 6 4 6 7 6 7 6
声声令 4 4 7 4 3 3 3 4 4 3 3 7 4 3 3 3 4
渔父乐 7 7 3 3 7
无一事 7 7 3 3 7
堪画看 7 7 3 3 7
谁学得 7 7 3 3 7
君看取 7 7 3 3 7
君不悟 7 7 3 3 7
开元乐 6 6 6 6
黄鹤引 4 3 5 7 3 4 5 5 5 5 6 4 6 4 6 4 11 5 4 4 9 4 4 8 10 6 4 5 4 4 7 6 4 4 6 4 3 4 5 5 6 4 4 10 3 4
忆黄梅 6 6 5 3 4 5 3 6 3 3 3 7 4 3 4 5 3 6
庆清朝慢 4 4 6 6 4 6 7 3 4 4 3 3 5 4 6 4 6 7 3 4 4
红芍药 4 4 7 5 5 3 4 7 6 4 5 6 5 5 3 4 3 4 5
潇湘忆故人慢 4 5 4 5 5 4 4 3 4 3 4 6 3 3 3 6 5 5 4 4 3 4 3 4 6
排遍第二 5 5 3 3 5 4 4 4 7 7 3 4 4 3 4 4 6 6 5 4 7
排遍第三 7 4 8 6 6 5 4 7 5 4 6 5 6 4 6 6 5
排遍第四 5 5 6 5 4 7 3 4 4 6 5 6 6 5 4 7
排遍第五 3 4 3 3 4 6 6 5 4 5 3 4 4 3 3 5 6 6 5 4 7
排遍第六 4 5 4 5 3 3 6 6 4 5 4 4 5 3 4 4 5 4 7
排遍第七 7 5 3 3 3 4 5 6 5 7 3 3 3 5 5 6 5
落梅花 4 4 6 4 4 4 4 4 4 7 4 5 6 3 4 4 4 5 4 4 4 4 3 7
忆故人 7 3 3 7 5 6 3 4 4 4 4
换遍歌头 5 5 3 3 5 4 5 5 6 5 3 6 5 4 6 3 3 6 5 3 5
画堂春令 7 6 7 5 6 6 7 5
瑶池燕 4 3 2 6 3 4 3 3 4 3 6 3 4 3
无愁可解 4 6 6 5 5 12 4 4 6 4 11 4 6 5 6 7 6 3 4 4 4 2 4 3 6 5 6 7 3 4 5 4 3 3
调啸词 2 2 6 6 6 2 2 2 6
虞神歌 3 5 3 4 4 3 4 3 6 5 7 3 4 5 4 4 3 3 4 5 4 4 3 4 3 6 5 7 3 4 5 4 4
宴琼林 5 5 4 3 5 6 3 3 5 3 5 5 4 5 4 3 4 5 3 4 3 4 4 4 5
瑶池月 7 4 4 8 6 4 4 6 8 5 4 3 6 4 6 3 5 6 3 3 3 3 2 4 4 3 4 3 4 5 4 3 4 3 4 3 3 3 3 2 4 4
倦寻芳慢 4 4 4 4 6 3 3 7 3 5 4 3 4 4 4 4 6 3 3 7 3 3 4
惜花容 7 7 7 7 7 7 7 7
瑶池宴令 4 3 2 6 3 4 3 3 4 3 6 3 4 3
添春色 6 6 3 3 6 6 6 3 3 7
乌啼月 5 6 7 5 6 6 7 5
簇水近 6 5 4 7 4 7 3 4 3 4 7 6 5 5 6 3 4
画眉郎 4 4 3 5 5 4 4 6 3 3 3 5 5 4 4
试周郎 7 5 6 5 3 3 3 4 4 4
楚宫春慢 4 5 4 6 4 6 3 4 7 4 6 4 3 6 6 4 6 3 4 7 6 4
月照梨花 4 4 4 4 6 3 7 4 5 6 4 3
如梦今 6 6 5 6 2 2 6
野庵曲 5 3 6 4 3 6 4 3 4 4 3 6 3 3 5 4 5 3 6 4 3 4 4 3 6 4 3 5 4 6 4 4 3 4 5 3 5 3 7 7 5 4 4 8 4 6 4 4 7 4 5 3 8 3 5 7 5 4 4 7 3 7 6 4 4 5 3 6 4 3 4 3 5 3 4 3 3 7 7 4 5 5 3 7 3 4 4 4 6 3 4 3 3 4 4 6 4 4 4 7 3 4 4 4 6 7 7 7
醉乡曲 4 3 5 8 5 7 3 5 3 3 8 9 7 3 5 3 3 3
锦园春 4 5 4 4 5 4 3 4 4 4 4
重叠金 7 7 5 5 5 5 5 5
锦缠道 4 6 3 3 7 4 5 5 4 3 4 3 5 8
暮花天 4 4 6 4 4 6 4 3 4 3 4 6 7 4 4 4 4 6 4 3 4 3 4 6
秋兰香 4 4 6 5 5 3 5 6 3 4 4 6 5 4 3 5 5 4 4 3 4 4
西吴曲 3 4 5 3 5 6 4 3 4 3 4 3 4 4 5 6 3 6 4 6 4 6 5 5
越女镜心 4 4 6 4 4 6 3 3 5 3 3 4 3 6 5 3 4 4 3 4 5 6
秋日田父辞 7 7 3 3 7
前筵勾曲 4 6 4 6 4 4
后筵勾曲 4 7 4 7 4 4 4 4
朱用之 4 5 4 5 5 3 3 5 3 4 4 6 5 4 5 5 3 3 5 3 4 4
大江西上曲 4 5 4 7 6 4 4 5 4 6 6 4 5 7 6 4 4 5 4 6
缺调名 3 3 7 7 7
括酹江月 4 5 4 7 6 4 4 5 4 6 6 4 5 7 6 4 4 5 4 6
括一丛花 7 5 7 3 4 4 4 5 7 5 7 3 4 4 4 5 11 4 4 9 4 4 4 7 4 6 4 7 4 8 4 7 3 4 4 6 6 6 7 4 5 4 5 6 5 6 5 4 6 4 4 6 6 4 5 4 4 4 8 5 4 9 4 8 4 7 6 8 6 4 6 2 5 4 5 4 4 4 7
括贺新凉 5 3 4 4 7 6 3 4 7 8 3 3 7 3 4 4 7 6 3 4 7 3 5 3 3 11 7 7 6 6 6 6 6 6 6 6 6 4 4 4 4 4 4 4 4 6 6 6 6 6 6 6 6 6 6 6 6 4 6 6 6 6 6 7 6 9 6 6 6 6 6 6 3 7 7 8 5 5 6 6 6 6 6 7
括沁园春 4 4 4 5 4 5 4 4 4 7 3 5 4 2 4 8 5 4 5 4 4 4 7 3 5 4 18 4 5 4 4 10 3 6 5 6 6 12 4 5 5 4 4 6 3 4 3 4 4 4 4 5 3 3 4 7 5 4 5 5 3 3 5 5 5 5 9 10 7 4 6 5 5 6 6 3 3 3 3 4 4 6 7 6 7 4 4 4 4 12 4 7 7 6 6 6 6 5 6 9 10 11 4 3 4 3 4 3 4 3 4 3 4 5 4 5 4 5 4 7 7 7 5 6
括水调歌 5 5 4 7 6 6 5 5 5 3 3 3 4 7 6 6 5 5 5 9 4 7 6 5 6 5 4 5 4 5 4 4 4 4 7 9 10 8 9 4 8 8 5 4 1 3 4 7 4 5 4 5 6 6 6 4 4 5 6 10 4 5 6 7 4 3 4 5 7 4 3 7 5 4 4 7 2 5 8 7 4 4
括摸鱼儿 3 4 6 7 6 3 5 5 4 5 4 5 3 6 6 7 6 3 5 5 4 4 4 5 14 7 7 7 7 7 5 7 5 7 7 7 7 7 7 7 7 7 7 7 7 7 7 7 7 7
括声声慢 4 4 6 4 6 6 3 4 3 5 4 6 7 4 4 6 6 3 4 3 3 4 13 5 4 8 3 5 4 11 3 4 4 5 4 4 6 4 5 8 4 5 7 7 7 4 8 8 6 5 6 6 6 4 6 6 3 3 6 6 7 5 3 3 4 6 5 4 5 4 5 4 6 4 4 4 3 3 4 6 4 4 6 4 6 4 8 4 4 8 9 14 9 5 6 3 4 6
括满江红 4 3 4 3 4 4 7 6 3 5 3 3 3 3 3 5 4 7 7 3 5 3
括朝中措 7 5 6 6 4 4 4 6 6 19 7 7 7 7 7 7 7 7 7 7 7 7 7 7 7
括木兰花慢 5 3 3 5 4 4 6 3 5 6 6 7 5 5 4 4 6 3 5 5 6 15 4 4 4 4 4 8 5 4 4 6 5 4 4 4 4 4 4 4 4 3 4 3 4 3 5 3 5 6 4 4 4 6 4 4 4 4 2 2 4 5 3 3 3 7 3 2 4 2 2 4 5 3 5 4 10 4 4 4 8 6 2 3 2 3 5 5 5 2 4 4 8 8 7 4 7 7
括清平乐 4 5 7 6 6 6 6 6
括江神子 7 3 3 4 5 7 3 3 7 3 3 4 5 7 3 3
括意难忘 4 5 4 5 5 3 3 5 3 4 4 6 5 4 5 5 3 3 5 3 4 4
括虞美人 7 5 7 6 3 7 5 7 6 3 19 7 7 7 7 7 7 7 7 7 7 7 7 7 7 7 7 7 7 7 7 7 7 7 7 7 7 7 7 7
括临江仙 7 6 7 5 5 7 6 7 5 5 10 7 5 5 1 5 8 4 5 7 6 6 8 4 3 6 3 26 4 5 12 7 7 7 7 7 7 7 7 7 7 7 2 5 9 7 4 3 2 5 13
醉思凡 4 4 6 5 4 4 6 5
壮椿岁 8 4 6 4 6 4 7 7 4 4 5 5 4 4 6 7 4 4 4 4 4 4 5 5 4 6 3 4 4 4 4 4 4 4 3 4 3 3
好溪山 7 5 7 5 3 3 5 7 5
山壮劝酒 4 5 6 3 3 5 5 6 3 3
画蛾眉 7 7 7 3 7
清夜游 4 3 4 5 5 4 4 7 6 7 2 4 5 4 4 5 6 3 4 3 4 4
春归怨 5 3 4 4 4 6 4 4 5 6 7 5 4 4 5 6 3 3 6 5 4 4 4
六桥行 3 5 4 4 3 6 4 3 4 3 4 6 6 5 4 4 3 6 4 3 4 3 4 4
微招 7 6 5 5 5 3 4 4 4 4 5 3 6 5 5 5 3 4 3 4 5
画锦堂 4 4 6 6 4 7 7 3 4 6 5 5 4 6 4 7 7 3 6 4
书锦堂 5 5 4 6 4 7 7 3 4 6
六州歌颂 4 5 3 3 3 3 5 3 3 4 5 4 5 4 5 5 4 3 4 3 3 3 3 3 3 3 5 3 3 3 3 3 4 5 4 4 5 4
风瀑竹 5 3 4 4 7 6 3 3 7 3 5 3 3 7 3 4 4 7 6 3 4 7 3 5 3 3
湘春夜月 3 6 6 5 6 5 4 5 4 4 4 4 4 4 3 4 4 4 3 4 3 7 6
百岁令 7 6 7 7 11 4 4 6 4 6 4 5 4 6 6 4 4 5 4 6 6 4 5 7 6 4 4 5 4 6
金明池 4 4 6 3 4 3 3 3 4 5 4 5 4 6 7 3 6 3 4 3 4 3 4 5 4 5 4 6
三台春曲 6 6 6 6
采桑子慢 4 6 3 4 4 4 7 4 4 4 4 4 4 3 4 4 4 7 4 4 4
古香慢 4 4 4 4 6 5 3 4 3 4 6 3 4 4 4 4 6 5 3 4 3 3 4
端鹤仙 5 5 4 5 5 4 4 3 4 3 4 6 2 4 4 4 4 3 3 5 4 6 3 4 4
晴偏好 7 7 3 7
秋蕊香令 6 6 7 6 7 3 7 6
远京乐 3 9 7 6 5 7 3 4 4 4 3 4 4 4 6 3 4 3 5 4 5 6
选官子 4 4 6 4 4 6 6 4 4 5 4 4 3 4 4 6 4 4 6 6 4 4 5 4 4
塞翁呤 5 6 3 3 5 7 6 3 3 5 2 3 4 3 4 7 3 4 4 6 6
春风袅娜 5 4 3 3 5 4 4 4 4 4 7 7 7 6 4 3 4 3 3 4 4 4 4 4 4 4 5 4 4
春云怨 4 5 4 6 7 4 4 7 4 4 5 7 5 4 7 4 4 4 4 4 6
云仙引 4 4 6 3 3 6 7 4 4 4 6 3 5 4 4 4 4 4 7 4 4 4
木兰香 4 7 4 7 4 7 4 7
昭顺老人 7 7 7 7 7 7
水友吟 6 7 4 8 4 4 4 5 4 3 3 6 3 4 4 4 4 4 4 7 4 4
满江南 4 3 4 3 4 4 7 7 3 5 3 3 3 3 3 5 4 7 7 3 5 3 9 5 3 4 6 3 4 7 5 6 4 4 5 3 4 6 3 4 3 4 3 4 4 4 4 6 3 4 4 4 4 4 4 7 3 5 6 5 6 4 4 5 3 4 4 4 4 6 6 4 1 5 4 4 3 3
斗百花近拍 6 6 4 6 4 6 6 5 4 6 4 6 4 6 6
柳垂金 7 3 4 7 3 4 4 5 6 7 3 4
瑞庭花引 4 8 3 3 4 4 5 5 5 2 3 3 2 3 3 4 5 5 5 5
醉蓬莱春寿府 5 4 4 4 5 4 4 5 4 4 4 4 4 4 4 4 5 4 4 5 4 4 4
一井金 4 3 5 4 5 5 5 4 6
济天乐 7 6 4 4 6 4 5 4 4 7 5 5 4 7 6 4 5 4 4 5
菩萨蛮祝寿 7 7 5 5 5 5 5 5
瑶花 4 4 5 4 5 4 4 3 4 3 4 6 6 5 4 4 3 6 7 4 3 4 6
锦瑟清商引 7 3 4 6 5 3 4 5 4 4 5 5 7 6 7 4 7 3 6 4 5 5
清玉案 7 5 7 4 4 5 7 7 7 4 4 5
鹧鸪天寿 7 7 7 7 3 3 7 7 7
锦被堆 5 3 4 7 4 4 4 5 3 4 7 4 4 4
案清都 5 3 6 4 4 4 6 3 4 3 4 6 2 4 4 3 4 4 4 6 3 4 3 4 6
入声甘州 5 3 5 5 4 4 6 5 5 4 6 5 4 5 5 3 4 3 5 3 4 4
被花恼 7 6 7 4 4 5 3 3 7 5 7 4 4 5 8 3 5 3 7
浣溪纱 7 7 7 7 7 7
垂杨 4 5 4 4 7 7 3 4 3 4 5 6 5 4 4 7 7 3 4 3 4 3
长相思慢 4 4 6 4 4 6 4 5 4 5 3 4 5 4 6 5 3 4 4 3 4 3 4 6
芳草 3 4 6 5 5 3 4 3 4 3 4 4 2 4 4 4 5 5 4 5 3 4 3 4 4
惜余姘 4 5 4 4 6 6 3 4 2 3 6 6 5 4 2 6 6 3 4 2 3 4
鸣梭 7 5 4 8 6 5 4 5 7 5 4 3 5 6 5 4 5
伊州三台令 6 6 5 3 4 6 6 5 3 4
斗鸡回 4 5 3 3 4 5 6 3 3 3 3 4 5
雨淋铃 4 4 4 6 3 4 4 3 4 3 4 7 7 3 5 5 3 4 4 3 4 3 4 5
归平遥 3 5 6 5 6 5 6 5
沁园 4 4 4 5 4 4 4 4 4 7 3 5 4 6 8 5 4 4 4 4 4 7 3 5 4
平韵满江红 4 3 4 3 4 4 7 7 3 5 3 3 3 3 3 5 4 7 7 3 5 3
解珮环 4 5 4 4 4 6 7 3 4 2 4 6 6 5 4 4 4 6 7 6 5 4 4
玉女迎春慢 4 3 6 6 6 4 3 4 4 4 4 6 4 4 6 6 4 3 4 4 6
个侬 5 3 4 4 7 4 4 5 4 4 4 3 4 4 3 4 6 4 4 5 4 4 3 4 4 4 5 4 4 4 3 4 4 3 4 6 4
大江乘 4 3 6 7 6 4 4 5 4 6 6 4 5 7 6 4 4 5 4 7
阮良归 7 5 7 5 3 3 5 7 5
唱金缕 5 3 2 4 7 6 3 4 7 3 5 3 3 7 3 4 4 7 6 3 4 7 3 5 3 3
苏幕幕 3 3 4 5 7 4 5 3 3 4 5 7 4 5
玲珑玉 4 3 4 4 6 6 5 4 2 3 4 6 5 4 4 3 4 6 3 4 4 2 3 3 4
紫萸香慢 3 4 6 5 3 3 6 5 4 3 7 3 4 2 4 3 3 5 4 4 6 3 3 3 4 4 6 4
亚献 4 5 6 3 3 5 5 6 3 3
终献 4 5 6 3 3 5 5 6 3 3
大江词 4 5 4 7 6 4 4 5 4 6 6 4 5 7 6 4 4 5 4 4
东风齐著力 4 4 4 4 5 6 3 4 3 4 4 5 3 6 4 5 6 3 4 3 4 4
送入我门来 4 4 6 4 5 7 8 3 6 4 6 6 4 4 5 7 8 5 4 4
春霁 4 5 4 4 4 6 4 7 3 2 7 4 4 4 4 3 4 7 7 4 6 4 4
风中柳 4 6 3 4 4 5 3 4 4 6 3 4 4 5 3 4
福建士子 5 5 7 5 5 5 7 3 3
金缕词 5 3 4 4 7 6 3 4 7 3 5 3 3 7 3 4 4 7 6 3 4 7 3 5 3 3
木兰化 5 3 3 5 4 4 3 3 7 6 6 7 5 5 4 4 6 3 5 6 6
小楼连苑 6 7 4 4 4 4 4 4 5 4 3 3 6 3 4 4 4 4 4 4 4 5 4 4
解边环 4 5 4 3 4 5 4 4 3 4 5 4 4 6 3 6 6 5 4 4 3 4 6 4
西湖月 6 5 4 4 4 4 5 8 3 4 6 6 5 4 4 4 4 5 8 6 4
碧桃春 7 5 7 5 3 3 5 7 5
一箩金 7 4 5 7 7 7 4 5 7 7
琐寒窗 4 4 4 4 6 3 4 7 5 4 4 2 3 5 4 4 6 6 7 3 4 5
庆长春 4 5 4 7 6 4 4 5 4 6 6 4 5 7 6 4 4 5 4 6
百安谣 4 3 6 7 6 4 4 5 4 6 6 4 5 7 6 4 4 5 4 6
水龙呤 6 7 4 4 4 4 4 4 5 4 7 3 6 3 4 4 4 4 4 4 4 5 4 4
留晚香 18 5 5 7 7 3 3 12 3 5 3 5 3 3 7 7 3 3 3
升平乐 4 4 6 4 4 6 4 6 4 4 4 6 5 4 4 4 6 4 3 4
浦湘曲 3 6 6 7 6 3 5 5 4 8 5
云鬓松令般涉 3 3 4 5 7 4 5 3 3 4 5 7 4 5
真珠髻 4 4 6 4 4 6 4 3 4 3 4 6 6 5 4 7 3 4 4 3 4 3 4 6
十月海 4 4 4 4 6 6 3 4 4 4 4 3 4 3 6 4 6 6 3 4 4 4 4
梅香慢 4 5 4 4 4 6 4 3 4 4 4 4 5 5 4 5 5 4 4 3 4 4 4 4
罥马索 3 7 4 7 4 4 7 3 4 7 2 4 4 7 6 7 4 4 7 3 6 5
定风波慢 3 4 6 4 4 5 3 3 7 2 5 4 4 3 5 3 6 5 3 3 7 2 5 4
玉梅香慢 4 4 6 4 4 6 4 3 3 4 4 4 6 3 4 4 6 6 3 5 4 4
落梅慢 4 4 6 7 6 6 6 6 3 6 6 3 4 4 5 4 6 6 7 7
早梅香 4 5 4 4 4 4 4 3 4 3 4 4 5 5 4 4 4 6 4 3 4 4 4 4
马家春慢 4 4 5 4 7 6 3 4 3 4 5 6 5 4 4 4 4 6 3 4 5 6
春雪间早梅 5 7 7 7 6 6 5 5 7 5 6 4 5 7 7 6 6 5 7 7 5
婆罗门 4 7 3 4 6 5 5 4 4 6 6 4 4 7 3 4
枕屏儿 4 6 3 3 4 3 3 4 3 4 4 6 3 3 4 3 3 4 3 4
戛金钗 5 5 3 4 7 3 5 5 5 3 4 7 3 5
扫寺舞 3 3 7 3 3 4 3 3 3 3 7 3 3 4 3 3
忆人人 4 4 6 7 3 4 4 4 6 7 3 4
鞓红 4 4 3 4 4 4 3 4 4 4 3 4 4 4 3 4
武林春 7 5 7 5 7 5 7 5
鬓边华 6 3 4 3 4 3 4 6 3 4 3 4 3 4
御阶行 7 6 7 6 4 4 5 7 5 7 6 4 4 5
愁倚栏 6 3 7 3 7 3 4 7 3
二色宫桃 7 3 4 7 7 7 3 4 7 3 4
落梅风 7 6 7 3 7 6 7 3
古记 6 6 5 6 2 2 6
调笑集句 9 6 4 7 4 7 6 6 6 7 7 7
巫山 7 7 7 7 7 7 7 7 2 3 7 7 6 7 6
桃源 7 7 7 7 7 7 7 7 2 3 7 7 6 7 6
洛浦 7 7 7 7 7 7 7 7 2 3 7 7 6 7 6
明妃 7 7 7 7 7 7 7 7 2 3 7 7 6 7 6
班女 7 7 7 7 7 7 7 7 2 3 7 7 6 7 6
文君 7 7 7 7 7 7 7 7 2 3 7 7 6 7 6
吴娘 7 7 7 7 7 7 7 7 2 3 7 7 6 7 6
琵琶 7 7 7 7 7 7 7 7 2 3 7 7 6 7 6
九张机 4 5 4 5 6 6 4 4 4 4 7 7 7 7 3 7 7 4 4 5 3 7 7 4 4 5 3 7 7 4 4 5 3 7 7 4 4 5 3 7 7 4 4 5 3 7 7 4 4 5 3 7 7 4 4 5 3 7 7 4 4 5 3 7 7 4 4 5 2 7 7 4 4 5 2 7 7 4 5 5 7 7 7 7 4 4
同前 3 7 7 4 4 5 3 7 7 4 4 5 3 7 7 4 4 5 3 7 7 4 4 5 3 7 7 4 4 5 3 7 7 4 4 5 3 7 7 4 4 5 3 7 7 4 4 5 3 7 7 4 4 5
五条结同心 4 4 6 5 3 6 7 3 4 3 4 6 6 3 5 4 4 6 7 3 4 3 4 4
归自谣 3 7 6 7 3 7
潇湘静 7 3 4 4 4 5 5 3 4 4 4 3 3 6 3 4 4 4 5 5 3 4 4 4 4
夏日宴黉堂 3 5 4 4 5 3 4 3 4 5 4 4 5 5 4 4 5 7 3 4 5 4 4
绕池游 4 6 3 5 4 6 4 4 4 6 3 5 4 6 4 4
玉珑璁 3 3 7 3 3 4 4 3 3 3 7 3 3 4 4 3
眉峰碧 5 5 7 3 3 5 5 7 7
结带巾 3 3 5 4 6 5 3 3 5 4 6 5
金钱子 4 6 3 4 4 5 4 3 4 4 6 3 4 5 5 4 3 4
新水令 7 5 4 5 4 6 4 6 6 4 3 3 5 3 3 7 4 6 6 4 7 5 2 4 4 4
伊州曲 7 4 4 4 4 6 6 3 4 4 4 2 4 4 4 4 4 4 6 3 3 4 4 4 4 4 5 5
倾杯序 4 4 6 6 4 6 4 4 4 3 4 3 2 6 4 4 4 6 6 4 2 6 3 4 3 3 3 7 8 4 4 4 4 4 5 5 6 7 4 4 4 4 4 4 4 3 5
楼心月 7 7 7 7
青门怨 4 4 4 4 6 3 7 3 5 6 4 3
买坡塘 3 4 6 7 6 3 5 5 4 5 4 5 3 5 1 3 6 7 6 3 5 5 4 5 4 5
风光好 3 3 7 3 7 3 7 3
卜算子令 5 4 3 4 4 4 4 5 3 3 5 5 7 2 4 5 4 2 5 3 5 4 7
花酒令 2 4 3 9 6 5 7 3 4 3 3 5 3 4 6 2 7 6 3 7 4 4 5 7 3 3 2 5 4 5
提影摇红 4 7 7 5 6 3 4 4 4 4 4 7 7 5 5 3 4 4 4 4
千春词 4 4 4 5 4 8 4 4 7 3 5 4 2 4 7 5 4 4 4 4 4 7 3 5 4
庆灵椿 3 5 4 7 4 4 4 5 6 7 4 4 4
醉瑶池 7 4 5 7 7 7 7 7 7
沁圆春 5 4 4 7 7 6 6 5 4 4 4 6 6 4 4 4 4 4 5 4 4 4 4 4 7 5 4 4 6 8 5 4 4 4 4 4 7 3 4 4
减字木兰 4 7 4 7 4 7 4 7
卜算 5 5 7 5 5 5 7 5
减字木兰药 4 7 4 7 4 7 4 7
水仙子 7 7 7 3 3 7 7 7 7 3 3 7
好事迈 4 6 6 5 7 5 6 5
庆千秋 4 5 4 6 4 3 4 4 7 6 6 5 4 6 4 3 4 4 7 6
福寿千春 4 4 6 7 6 4 7 3 3 6 6 5 4 4 5 4 5 5 3 3 4
百字歌 4 3 6 7 6 4 4 5 4 6 6 4 5 7 6 4 4 5 4 6
行秋岁 4 5 3 3 5 5 3 7 5 5 3 3 5 5 3 7
如意令 6 6 5 6 2 2 6 6 6 5 6 2 2 6
水晶帘 5 3 4 4 5 4 7 3 3 3 4 4 5 5 4 5 4 7 3 4 3 4 4
满东红 4 3 4 5 4 6 7 3 5 3 3 3 3 3 7 1 5 4 7 7 3 5 3
鱼水同欢 7 4 5 7 7 7 4 5 7 7
小木兰花 4 7 4 7 4 7 4 7
金缕衣 5 5 6 7 6 3 4 7 3 5 3 3 7 3 4 4 7 6 3 4 7 3 5 3 3
献仙桃 7 7 7 7 7 7 7 7
献天寿慢 7 4 7 5 7 4 7 3 3
献天寿令 6 6 7 6 7 3 4 7 6
金盏子慢 4 5 4 4 4 6 4 6 5 4 4 2 4 3 5 7 4 4 4 6 5 4 4
金盏子令 4 7 4 5 4 4 4 4 3 4 4
瑞鹧鸪慢 7 7 7 7 7 7 7 7
寿延长 10 3 4 7 6 7 3 4 7 3 3
破字令 7 5 7 3 4 7 7 6 3 4
五羊仙 11 5 4 6 3 3 7 3 3 3 6 3 3
水龙吟令 6 7 4 4 4 4 4 8 5 5 6 3 4 4 4 3 4 4 4 4 4 6
小抛球乐令 7 7 7 7
清平令破子 6 6 8 6 6 6 3 4 3 4
万年欢慢 4 5 4 4 6 6 3 4 3 4 6 6 5 4 4 6 6 3 4 3 4 6 4 5 4 7 4 7 3 4 4 3 4 7 3 4 8 3 3 2 3 5 3 7 4 4 3 4 4 4 5 4 4 6 5 3 5
忆吹箫慢 4 4 6 3 4 4 6 6 3 4 4 2 4 5 4 3 4 4 6 3 4 3 6
月华清慢 4 3 6 5 5 3 4 3 3 2 5 4 6 5 4 6 4 3 4 3 4 2 5 4
感皇恩令 5 4 7 4 6 5 3 4 4 7 4 6 5 3
还宫乐 4 4 4 7 6 8 7 7 6
荔子丹 7 5 7 3 5 7 5 7 3 4
水龙吟慢 6 6 7 5 5 7 7 3 4 6 3 5 6 4 7 5 7 3 4
太平年慢 7 5 7 5 7 5 5 4
金殿乐慢 4 6 4 3 4 3 3 3 4 7 7
爱月夜眠迟慢 4 5 4 4 4 6 6 6 3 3 5 6 5 4 4 4 6 6 6 3 3 6
惜花春起早慢 3 3 6 8 6 4 3 4 3 5 4 6 5 4 6 3 4 4 3 4 3 3 6
千秋岁令 4 5 7 7 7 3 3 3 3 5 8 7 7 7 3 3 3
风中柳令 4 3 4 4 4 6 3 4 4 6 3 4 5 4 3 4
汉宫春慢 4 3 6 4 5 4 3 4 3 4 5 6 5 4 4 6 4 3 4 3 4 6
花心动慢 4 5 4 6 4 4 7 3 4 3 4 4 6 5 4 4 4 6 7 3 4 3 6
行香子慢 4 5 4 5 4 3 4 6 3 4 5 2 4 5 4 4 5 3 4 6 4 4 4
迎春乐令 7 3 3 7 3 3 7 3 4 5 3 3
游月宫令 7 5 5 5 4 3 6 3 3 3 3
桂枝香慢 4 5 2 2 6 4 6 7 4 4 4 3 4 5 4 4 6 7 3 4 4 4 4
庆金枝令 5 3 3 7 5 7 3 3 7 5
百宝妆 4 4 6 4 5 4 4 4 5 4 4 6 6 4 6 4 5 7 3 5 3 4 3 4
满朝欢令 7 7 7 7 7 7 7 7
天下乐令 4 7 4 4 4 4 7 4 7
感恩多令 7 7 7 3 7 7 7 3
倚西楼 7 7 7 7 7 6 7 6 3
莫思归 7 7 7 7 5 7
镜中人 3 3 6 6 5 7 6 7 5
与团圆 4 4 4 4 3 6 4 4 4 4 4 4
花前饮 7 3 4 5 5 7 3 4 5 3 3
转调贺圣朝 4 4 4 3 4 5 4 4 4 4 4 5
撷芳词 3 3 7 3 3 4 4 3 3 7 3 3 4 4
香山会 5 4 3 4 9 3 4 6 4 3 4 4 4 3 4
品今 5 3 3 4 4 4 6 4 4 3 3 4 4 4 4 6
惜寒梅 4 5 4 4 6 7 3 4 4 3 4 6 5 4 4 6 7 3 4 4 4 4
檐前铁 3 4 4 3 5 6 3 3 6 3 3 6 3 7 4 5 3
妖木笪 4 3 6 7 3 5
林钟商小品 5 3 3 4 4
甘露滴乔松 4 5 4 6 4 3 3 3 4 4 4 4 6 5 4 4 6 3 3 3 4 4 6
望梅词 4 5 4 3 4 5 4 4 3 4 5 4 4 6 5 4 3 4 5 4 4 3 4 3 4 4
渔歌 7 7 7 3 7
朱涣 7 6 4 4 6 4 5 4 4 7 6 4 4 4 4 6 4 5 4 4 5
